1.504840124977579876e+02
1.501055356393856641e+02
1.495106470117738411e+02
1.501283954901926450e+02
1.496952437713272275e+02
1.499716159856994580e+02
1.499191753283202502e+02
1.501818640048691407e+02
1.502364081239638551e+02
1.499998758035977175e+02
1.504639614129255847e+02
1.501425985938457757e+02
1.496056992298011892e+02
1.495792277704140361e+02
1.504012517449941129e+02
1.503290662251651497e+02
1.496070961633251386e+02
1.497633170001474241e+02
1.502101853871641310e+02
1.503931734665475801e+02
1.500478323250669916e+02
1.505596428989669846e+02
1.498885910587456749e+02
1.495873018468113855e+02
1.503234640897084944e+02
1.501165487228114159e+02
1.502420938533397816e+02
1.499677398640798458e+02
1.503799678065828687e+02
1.500654713157189235e+02
1.505798100520451897e+02
1.503482372838847425e+02
1.497189903191704445e+02
1.496758553276379473e+02
1.497899108854596477e+02
1.503263158895477716e+02
1.504560571130024016e+02
1.497861568934461900e+02
1.497690741552039526e+02
1.498557160437804328e+02
1.498398680859285435e+02
1.499892450927545724e+02
1.502896211830779976e+02
1.501045038026235545e+02
1.499387811597275117e+02
1.499225151843633910e+02
1.500274229631240530e+02
1.505366897822938483e+02
1.498160875848588773e+02
1.500145009585994842e+02
1.497936718795653235e+02
1.501475130876473258e+02
1.506216909140858888e+02
1.503457961432124250e+02
1.496601187085398976e+02
1.498789744972822859e+02
1.497393216795513524e+02
1.505835397836899290e+02
1.498987476133695509e+02
1.497548551870370375e+02
1.497451067362095500e+02
1.506386739352780637e+02
1.500207243442725655e+02
1.506636330701611826e+02
1.503270452615289798e+02
1.498250815099804640e+02
1.503834086569929411e+02
1.497422508278042130e+02
1.499199060343476049e+02
1.503693838447278779e+02
1.506570469862717232e+02
1.506898783008246312e+02
1.501103035635081824e+02
1.499214384128436564e+02
1.501931652528926691e+02
1.503032970576985292e+02
1.505955313403514708e+02
1.505829812441752722e+02
1.503870354635496938e+02
1.497329641171615435e+02
1.502118674499661211e+02
1.500272699553861457e+02
1.501526208142122130e+02
1.503216918084856957e+02
1.500195544618954671e+02
1.504639709835068402e+02
1.502051647220117161e+02
1.505287965748696308e+02
1.503959386471560720e+02
1.498239590160764294e+02
1.505487496748187084e+02
1.504615967316991032e+02
1.501247162857738147e+02
1.506234368390001634e+02
1.502037923875260219e+02
1.502160430486385394e+02
1.503180057808960157e+02
1.502334752456851845e+02
1.506035718050493983e+02
1.507279289016924508e+02
1.501640706213217413e+02
1.500551958895860594e+02
1.507012373191423933e+02
1.504666946308705064e+02
1.507495477351807835e+02
1.505095158402516802e+02
1.505848920783843710e+02
1.502066929509355191e+02
1.504677381449198776e+02
1.499472492324031805e+02
1.508151025875093580e+02
1.507196450809216230e+02
1.499616798613662638e+02
1.504550056043929942e+02
1.499111641885066319e+02
1.505454917631327874e+02
1.498529600631388519e+02
1.504641839836281747e+02
1.504456965852246526e+02
1.507337614541116295e+02
1.499486166098500632e+02
1.505443900153381662e+02
1.505549529251224783e+02
1.503295076506394707e+02
1.504548654404570414e+02
1.502798619467571370e+02
1.506070453216988199e+02
1.504979045082615698e+02
1.502317763447135235e+02
1.508450486533782851e+02
1.502028590205627268e+02
1.506892880706981543e+02
1.502666020139627960e+02
1.503113379845214297e+02
1.501243424922839722e+02
1.501290213879115925e+02
1.505278439267349597e+02
1.500687675593516133e+02
1.503715080017866228e+02
1.501182865284970376e+02
1.500751153497779740e+02
1.499181066552229709e+02
1.504292412345246817e+02
1.508714181102086229e+02
1.507298237608375473e+02
1.508845500304187226e+02
1.500614931167984878e+02
1.499342326540707404e+02
1.503626415493641275e+02
1.508928269334452352e+02
1.500067260973731038e+02
1.499829398640056866e+02
1.502535637395168919e+02
1.500231217612938224e+02
1.502171157148918610e+02
1.500420481937799764e+02
1.502581692669696167e+02
1.506316375930432798e+02
1.508180899039721794e+02
1.509070926461631359e+02
1.509528047098003753e+02
1.509391355520438367e+02
1.504971476431109920e+02
1.501632683339435061e+02
1.503429395797695918e+02
1.504123792233670827e+02
1.499786114797018968e+02
1.504714577160768840e+02
1.501405156179814639e+02
1.506612481422370706e+02
1.504691950711109314e+02
1.506087526286481477e+02
1.504703571568482232e+02
1.504015104508529248e+02
1.507100625681945871e+02
1.507157041305846974e+02
1.506170233941761296e+02
1.506023107734692132e+02
1.503266936377699210e+02
1.506491705428607304e+02
1.506074507183377875e+02
1.508866134586136809e+02
1.505994104083615923e+02
1.500993990998177310e+02
1.504316380877034192e+02
1.501257675258049460e+02
1.501815707896158187e+02
1.510248229015495554e+02
1.507742418324784524e+02
1.504025419285202929e+02
1.506655943589469757e+02
1.502844260473318911e+02
1.504544355925459911e+02
1.506388655074777887e+02
1.502490518299280780e+02
1.509416321821732083e+02
1.507521556455156997e+02
1.502396957212536392e+02
1.504302346582628331e+02
1.503028327189024651e+02
1.502699508520918528e+02
1.510733266647363280e+02
1.507928486964715376e+02
1.506063114082085121e+02
1.510591726683172453e+02
1.509889868251766529e+02
1.509764843346843008e+02
1.501169625760864221e+02
1.504210882176991220e+02
1.509424210094178420e+02
1.509642660108724783e+02
1.506527869854794517e+02
1.503428761463931664e+02
1.509532951320207701e+02
1.506014981288315653e+02
1.509541865812944934e+02
1.505274018140810881e+02
1.502538323942090415e+02
1.509757751537711954e+02
1.503050283324175780e+02
1.507230198147921101e+02
1.503208599339270961e+02
1.508284021778886768e+02
1.508325074475887959e+02
1.511123554270266425e+02
1.507265924790999634e+02
1.508794367858841667e+02
1.502390702452133269e+02
1.505421417393406784e+02
1.503844230543536469e+02
1.505867909588211830e+02
1.504560199009445398e+02
1.508166412649592019e+02
1.510826001881942204e+02
1.504127692396447458e+02
1.510697247060267330e+02
1.502754564846614471e+02
1.502106974859560182e+02
1.508092499427878863e+02
1.503396333116235155e+02
1.505953967049716766e+02
1.511084916074350417e+02
1.511735120717471261e+02
1.503144775290516577e+02
1.506946698840054637e+02
1.508483613561797085e+02
1.503369846982754439e+02
1.510102134211757630e+02
1.511421446669215811e+02
1.506162904070088473e+02
1.508157626672167453e+02
1.503104893153113153e+02
1.507479163586960738e+02
1.505557182819301545e+02
1.510569545071963091e+02
1.503462634694059545e+02
1.510726512273162143e+02
1.507182957673337285e+02
1.508409876805674799e+02
1.505525511451577643e+02
1.511183044075992257e+02
1.510835992367114500e+02
1.510098798522199957e+02
1.511090680753604829e+02
1.505366251596392715e+02
1.508673979302105863e+02
1.506378656555688451e+02
1.506047794543838734e+02
1.506142238609308492e+02
1.503548178011135406e+02
1.505310910112162901e+02
1.510810240520567902e+02
1.509848746333763359e+02
1.512703708480236173e+02
1.512529918491336787e+02
1.505437156390887878e+02
1.510853792398905853e+02
1.508337636554962558e+02
1.509094222210626697e+02
1.512197150161552770e+02
1.504759020932016256e+02
1.510775268156984907e+02
1.510419978377773305e+02
1.508939985202521825e+02
1.510883358672552959e+02
1.509964120819004734e+02
1.508748630155957358e+02
1.509891934715060415e+02
1.503612596999514892e+02
1.509469500454798379e+02
1.508475784937671449e+02
1.513288200125844867e+02
1.504251372610055171e+02
1.511598915121365110e+02
1.510146267124536053e+02
1.505766350706811068e+02
1.506118573540453269e+02
1.505233349663668605e+02
1.513207790804399906e+02
1.512574508753961027e+02
1.504732008426363734e+02
1.505266647502803892e+02
1.511369809189216937e+02
1.511801772498476737e+02
1.512497446171640831e+02
1.512803034444989407e+02
1.506173024926419544e+02
1.505473150523703225e+02
1.509937713781007176e+02
1.512008207211973172e+02
1.512882994635542673e+02
1.507045858296909273e+02
1.505118435349183414e+02
1.508628132156126185e+02
1.510614059385577264e+02
1.506643944336989591e+02
1.513167177273137725e+02
1.512112929739560911e+02
1.512531504459527412e+02
1.508081044915462314e+02
1.505341469292084753e+02
1.505888735922855517e+02
1.506586609372301382e+02
1.506622561853848481e+02
1.514035274173078847e+02
1.511230227536213704e+02
1.509220113667976193e+02
1.505042864822911497e+02
1.507246948449813431e+02
1.513652457401907725e+02
1.514164521732312210e+02
1.507056837825959690e+02
1.505925127463185902e+02
1.510704347353577930e+02
1.506346698362337406e+02
1.508280813140038390e+02
1.511033944562786360e+02
1.512313578503942892e+02
1.513330263871571049e+02
1.512354772063574728e+02
1.509719173731532749e+02
1.510022556847241333e+02
1.509722688893370162e+02
1.508082918206543752e+02
1.506248384673507701e+02
1.510007198127540278e+02
1.505257292272556242e+02
1.511295970940173561e+02
1.508904451195846548e+02
1.507598560957840732e+02
1.509385159531670411e+02
1.514817977638548427e+02
1.511729795346704464e+02
1.511113592468238096e+02
1.513301741805997551e+02
1.506799651172398455e+02
1.513955202506773219e+02
1.511989185161335740e+02
1.506657865383905346e+02
1.510815713397435331e+02
1.515179765689260876e+02
1.513934883067540511e+02
1.513526714851897736e+02
1.513172737054331378e+02
1.512774567870893065e+02
1.514108979836210267e+02
1.509653930940482383e+02
1.514635336063130922e+02
1.508236924581655103e+02
1.511074673614715493e+02
1.506451141510428045e+02
1.512882866683351324e+02
1.513116101160842391e+02
1.511135985758677123e+02
1.515041041829165636e+02
1.507782859099681900e+02
1.510215189585840392e+02
1.511293908059782609e+02
1.507882189718082202e+02
1.512890453595488793e+02
1.507864512747406991e+02
1.509449333713756687e+02
1.512739074315456094e+02
1.514838572773843453e+02
1.506867438060115489e+02
1.506991867275818606e+02
1.514659639525084458e+02
1.514404045193954857e+02
1.509592280686906918e+02
1.511269692266680806e+02
1.512744865287728544e+02
1.509850285582319600e+02
1.511021291632315808e+02
1.514490569708346470e+02
1.515107408316934823e+02
1.515246963792168060e+02
1.510873546390801607e+02
1.506939831575434425e+02
1.511801364746981449e+02
1.514791793751509488e+02
1.507456386153543235e+02
1.509671467095275261e+02
1.507652741671066678e+02
1.507643015471064700e+02
1.510598065479793490e+02
1.514344505639850809e+02
1.509004341273179364e+02
1.508468457471432487e+02
1.507994637736485402e+02
1.516475745582994250e+02
1.509887125470156093e+02
1.516011521081735225e+02
1.508364221891570764e+02
1.507374413854523141e+02
1.515329181409617263e+02
1.509383283431728273e+02
1.514629775928593176e+02
1.508314817553466582e+02
1.516988678447397660e+02
1.507933538494323784e+02
1.509172192304827433e+02
1.513069419661938184e+02
1.513017848853717169e+02
1.514127776395394278e+02
1.513511596382715538e+02
1.507514447599347136e+02
1.513454240934801192e+02
1.512687185339165694e+02
1.516364979176181293e+02
1.508641598713976748e+02
1.516378817330605671e+02
1.509875391291541860e+02
1.511178015824169734e+02
1.507738476156477532e+02
1.510255393105780115e+02
1.509602643559082367e+02
1.508226893071067991e+02
1.510872966538846072e+02
1.509514800436535893e+02
1.516288893326430127e+02
1.513393455019555915e+02
1.512264364406053687e+02
1.514217049290948012e+02
1.517564824608303979e+02
1.510766283033396746e+02
1.510217136186992661e+02
1.508772903074728902e+02
1.512190798128490030e+02
1.510727934663318308e+02
1.513819332762795113e+02
1.508199321859393933e+02
1.517329586709511204e+02
1.515305203436529382e+02
1.511256215456419625e+02
1.511564191501519474e+02
1.509683335380338747e+02
1.514035629484810954e+02
1.515762343954775986e+02
1.514087430029716188e+02
1.509241796279910375e+02
1.513336599722928497e+02
1.514067850577739307e+02
1.517437646522928958e+02
1.517237277969277329e+02
1.511523533931697045e+02
1.514313912148921020e+02
1.516901796188132892e+02
1.512848848426411621e+02
1.511179389665766735e+02
1.512864576265269250e+02
1.512847532907416621e+02
1.516339134295470217e+02
1.509846921775018984e+02
1.510458195875580145e+02
1.516323644047323569e+02
1.513045880954154541e+02
1.518668585329136818e+02
1.514912602123064573e+02
1.514525900780342909e+02
1.512410975409786147e+02
1.516338284310189124e+02
1.514223729735023767e+02
1.517517392700750634e+02
1.512426159289207419e+02
1.514089421001113180e+02
1.509125182633431166e+02
1.514380386496062556e+02
1.514463706989794503e+02
1.514289032918878206e+02
1.518593907872459283e+02
1.513729264545798685e+02
1.511107499797025184e+02
1.518690932138955532e+02
1.511893755551685388e+02
1.509944777989439331e+02
1.510679823588374688e+02
1.512428260216634328e+02
1.509595669489637828e+02
1.510112897975100168e+02
1.517610256385416960e+02
1.515883398243903457e+02
1.516514522959702447e+02
1.513031353845454703e+02
1.518319668600309171e+02
1.513339899615920388e+02
1.517608717563667255e+02
1.516669024849750258e+02
1.514529687762789365e+02
1.511227830009831905e+02
1.511907780044536764e+02
1.515966833593088836e+02
1.510174718168314314e+02
1.510441046096808009e+02
1.513711893910691799e+02
1.514299091465935305e+02
1.514883339558018065e+02
1.511557911014754438e+02
1.512948305290479141e+02
1.510639616109280041e+02
1.518795257993886025e+02
1.511339339173824214e+02
1.518237870163195282e+02
1.511344010580625650e+02
1.517500096091416424e+02
1.512816999711315020e+02
1.511978241899531099e+02
1.513792783027094231e+02
1.515675790951923432e+02
1.514829876208893040e+02
1.518360298065756240e+02
1.519422111299716107e+02
1.514714000132952378e+02
1.515229253169548826e+02
1.518571400968307330e+02
1.516386435744752532e+02
1.514462181604154694e+02
1.515481922164540265e+02
1.518785799912856760e+02
1.515780981886379379e+02
1.519739532031031217e+02
1.517902048596963311e+02
1.516242377901550924e+02
1.510796031994403563e+02
1.512102820254403071e+02
1.517231528923553583e+02
1.517821771037333178e+02
1.512342757914503295e+02
1.515831860829811149e+02
1.518570194421729980e+02
1.514843894178773667e+02
1.517114766574330247e+02
1.517963037853393757e+02
1.513990902386114783e+02
1.519539227284651872e+02
1.520785360979786560e+02
1.513866564163187718e+02
1.517585372166568618e+02
1.520339635434583840e+02
1.514414573782997024e+02
1.516898579383960737e+02
1.516497986797643875e+02
1.518000637713738854e+02
1.518605563890195640e+02
1.519288143026315936e+02
1.514946949789922428e+02
1.519786877304943857e+02
1.513265414762048238e+02
1.516160417868570960e+02
1.515336670045203107e+02
1.512208311509892553e+02
1.521347180573312983e+02
1.520909170318156782e+02
1.514249519945085467e+02
1.520466326767886471e+02
1.514578056567195290e+02
1.513166712794215130e+02
1.516335675886862475e+02
1.517948600752787627e+02
1.514522779216087827e+02
1.515577354274184643e+02
1.517010842337066663e+02
1.514709182867683239e+02
1.517215197472960995e+02
1.513363131936681043e+02
1.515370683102150053e+02
1.520695675940344529e+02
1.518511577128984698e+02
1.518334033046288312e+02
1.515152866713514754e+02
1.513663498143254174e+02
1.518280223495939651e+02
1.513945460864545964e+02
1.513258420533163644e+02
1.520498590394511496e+02
1.515219599467941975e+02
1.513651778043447109e+02
1.515809275358864454e+02
1.517129260440638063e+02
1.517504304261532582e+02
1.515034099372689980e+02
1.516820935198083475e+02
1.513753491385417931e+02
1.515209289810475468e+02
1.519317498845510954e+02
1.518208462360360897e+02
1.517588358485231197e+02
1.514234090905861763e+02
1.519336420780013555e+02
1.513299046295303185e+02
1.513152877630363378e+02
1.514403266489246391e+02
1.519199852455363953e+02
1.513155195289069184e+02
1.514455356079201351e+02
1.518005710664663184e+02
1.520675239628033353e+02
1.512805920961146740e+02
1.517368841789239013e+02
1.519430731361305220e+02
1.512969367457104966e+02
1.521018227220716881e+02
1.513138556951013811e+02
1.518451081726662721e+02
1.519066296759951626e+02
1.521420295658519137e+02
1.522322196020293177e+02
1.517672756078545149e+02
1.516778610191615826e+02
1.515468028220422525e+02
1.516082780568675332e+02
1.520412014414012845e+02
1.522001546280218065e+02
1.515624202353806709e+02
1.522772430958629855e+02
1.523139029466357215e+02
1.523200135492342611e+02
1.518627928394098205e+02
1.517814176211591928e+02
1.517694553340443235e+02
1.520168102377369337e+02
1.523292362632991228e+02
1.515299018858707427e+02
1.514089111640467706e+02
1.522459503535292811e+02
1.515367785528297588e+02
1.513581593991988257e+02
1.520162503557516800e+02
1.515289829985015899e+02
1.516530386423661696e+02
1.516772859627592140e+02
1.515804539364535231e+02
1.518648378901820308e+02
1.519005240429589776e+02
1.522714021620328992e+02
1.514073793498870657e+02
1.518265109156929782e+02
1.515985618237023118e+02
1.516225823291322286e+02
1.517195403313012037e+02
1.521308736726669508e+02
1.520203722342474180e+02
1.519842384263205304e+02
1.523176161453373254e+02
1.514674668988225221e+02
1.520527635545912801e+02
1.523573133863359601e+02
1.518777705291708457e+02
1.515281394981035987e+02
1.523160280638436177e+02
1.524020625102858730e+02
1.521260222121118204e+02
1.519019545376219469e+02
1.521470508574724363e+02
1.519109410236417830e+02
1.520620537117761728e+02
1.521192695436925817e+02
1.515823134799457534e+02
1.521034225773337312e+02
1.522186004505418566e+02
1.518223420436027880e+02
1.520049312036225047e+02
1.517623921438977845e+02
1.521794439500074247e+02
1.520609682389062698e+02
1.523855066519498109e+02
1.523598302979609969e+02
1.521592445390746775e+02
1.516763061844042113e+02
1.519859996258052206e+02
1.517475551996570289e+02
1.524757630243391020e+02
1.514919303157458330e+02
1.517661102687793004e+02
1.515330666442811776e+02
1.517784192428663630e+02
1.522611772203460987e+02
1.518911814615453295e+02
1.515236932367500629e+02
1.522207306258927986e+02
1.521563509874963813e+02
1.516001528889488554e+02
1.517296222574213687e+02
1.517209512789570169e+02
1.524485960672472515e+02
1.525181586332964798e+02
1.523593675107262868e+02
1.524784819691948314e+02
1.523001677937837712e+02
1.517970999052693912e+02
1.515562951473118289e+02
1.520638785336153944e+02
1.517754216651345018e+02
1.523670478902192258e+02
1.520951237613702176e+02
1.524307327975652981e+02
1.520197568425766121e+02
1.520238104974977489e+02
1.518055101782204019e+02
1.522725601494893226e+02
1.520340015749927147e+02
1.525496644633489041e+02
1.521346288926583554e+02
1.516486557638132808e+02
1.518198515122321908e+02
1.520863614937111663e+02
1.519363748600624433e+02
1.518877357894174054e+02
1.522813524726713865e+02
1.519530135760188330e+02
1.522783714544395650e+02
1.520330568017707833e+02
1.523265898420156361e+02
1.519635141577105344e+02
1.519816357099879554e+02
1.518882485956551989e+02
1.516914445873965747e+02
1.525056765950097883e+02
1.523978299416652078e+02
1.517439814032134393e+02
1.519503569094422915e+02
1.519179272354961370e+02
1.517360910560734624e+02
1.525916094493256594e+02
1.516471473867168811e+02
1.525040181712255105e+02
1.524891280424774607e+02
1.517174437406331151e+02
1.524028249184913193e+02
1.517670908240550318e+02
1.518039815384164797e+02
1.524698028254469477e+02
1.521814547853645081e+02
1.521433677296945746e+02
1.523292406031882820e+02
1.520434830982890162e+02
1.523117544361159332e+02
1.526058392014644767e+02
1.520215841413949818e+02
1.525164403151099179e+02
1.525251435379867928e+02
1.519248973767207929e+02
1.517273312482997198e+02
1.518401635700354291e+02
1.518090585643583665e+02
1.520436335654366076e+02
1.522721314962402062e+02
1.522140748668283834e+02
1.522904347783020569e+02
1.517603445785672989e+02
1.524732039855168182e+02
1.526780278698941231e+02
1.518169939572145495e+02
1.525513270420433400e+02
1.523957737007650337e+02
1.525030107730152054e+02
1.520959836610971934e+02
1.518473041506269965e+02
1.524654602806627963e+02
1.525224438710262689e+02
1.518880088427229680e+02
1.523412438688448560e+02
1.520462012254241984e+02
1.517565957903308629e+02
1.523232934027511760e+02
1.519626384285174368e+02
1.520893095089915050e+02
1.523999573339847018e+02
1.522009710483385732e+02
1.527599780978356137e+02
1.518621178787140877e+02
1.526980109420417193e+02
1.522656104574577682e+02
1.524258050625180090e+02
1.527461872679132284e+02
1.525108202586079642e+02
1.527806170404986688e+02
1.520309377087531004e+02
1.523463145999804169e+02
1.522679619455736031e+02
1.521209537608697815e+02
1.524306818052355084e+02
1.518343170103528905e+02
1.525544190774185438e+02
1.520436356667050006e+02
1.518605757878938221e+02
1.526037174001560004e+02
1.520686738692712652e+02
1.519483770971154968e+02
1.524042291725266693e+02
1.523286783883721682e+02
1.520961389903665690e+02
1.524335750714537596e+02
1.528356523440785111e+02
1.526498591767653465e+02
1.527563113052864310e+02
1.525830830537784095e+02
1.525792200114866262e+02
1.523680680519004511e+02
1.528435880243700637e+02
1.524483669609086007e+02
1.519453250300494176e+02
1.521615937923521074e+02
1.525900138860928053e+02
1.521198530547252119e+02
1.521694163181780937e+02
1.525641009429050712e+02
1.524255603532485281e+02
1.520409224868776050e+02
1.527995074641377187e+02
1.520184488676586341e+02
1.523763438300890130e+02
1.526851982512953612e+02
1.521767998502887735e+02
1.523881405068939898e+02
1.520842936002958652e+02
1.528136744249665355e+02
1.525640229066681002e+02
1.523808101451079153e+02
1.524391202723282959e+02
1.525734358678357694e+02
1.520896606034841909e+02
1.527027439033070380e+02
1.527617617244834207e+02
1.523213649115074304e+02
1.527319544316609665e+02
1.524825483697256914e+02
1.525035451667655479e+02
1.524688113753959442e+02
1.521622190994633854e+02
1.519694607632361283e+02
1.524638133737553574e+02
1.520853182666160706e+02
1.522531636946031313e+02
1.528251851112951556e+02
1.524718808309319229e+02
1.524501992483391177e+02
1.529369753215066225e+02
1.521404531328484211e+02
1.526773799713564870e+02
1.529645776903635692e+02
1.521773642527080597e+02
1.520449202439551755e+02
1.524844277233882508e+02
1.521116046582001786e+02
1.529303696535302208e+02
1.528093928108798423e+02
1.527654070382278633e+02
1.521837353809822844e+02
1.524191820420295471e+02
1.521635728125658602e+02
1.527809546218084904e+02
1.524984505812641089e+02
1.524519213453179134e+02
1.520464191134750251e+02
1.523900403695603529e+02
1.527059149399519242e+02
1.529102059074607496e+02
1.524045862955150028e+02
1.524312637091270233e+02
1.527676970963780718e+02
1.522122790371482779e+02
1.525340728303817741e+02
1.520820315218181236e+02
1.527001056558943333e+02
1.529564059334547608e+02
1.528919612697364414e+02
1.521637993347393376e+02
1.530323376273378528e+02
1.524952660970844818e+02
1.520668280642101706e+02
1.527799607856135538e+02
1.522307225173018139e+02
1.528700338337193898e+02
1.525323393180929372e+02
1.526196593671284916e+02
1.524488859698465433e+02
1.529915184610695178e+02
1.520988011244546669e+02
1.522793144828245033e+02
1.525669306294221599e+02
1.529956152864758110e+02
1.521972447000379134e+02
1.522371560657535383e+02
1.526698760882312058e+02
1.526422102035690216e+02
1.530443570276672460e+02
1.528548953480690784e+02
1.522476488173207372e+02
1.529770015366277960e+02
1.525999192891327425e+02
1.528786890535078555e+02
1.522800473725793893e+02
1.531016053345013290e+02
1.525579201279510073e+02
1.522315010998503908e+02
1.526082232321342360e+02
1.529923340170809638e+02
1.530600270729234182e+02
1.526850309044703522e+02
1.530989209214158393e+02
1.523173555334766149e+02
1.524910091693815275e+02
1.526100631912298127e+02
1.529302340137502085e+02
1.529703849987725164e+02
1.524124608099347995e+02
1.529877519460438009e+02
1.522322411056018723e+02
1.531006022682011007e+02
1.522291887377736259e+02
1.528184432442086234e+02
1.525762036730948239e+02
1.526671165941727111e+02
1.527089843437797185e+02
1.531447631317873004e+02
1.523139778438778933e+02
1.527495463010393735e+02
1.529851910675143642e+02
1.522484232947049918e+02
1.522541890776081175e+02
1.522701613453791367e+02
1.529307645299813316e+02
1.527476597787831452e+02
1.527104372782725363e+02
1.529388609863352428e+02
1.523198023026104124e+02
1.524881287750900754e+02
1.528861640145402419e+02
1.526148784575232185e+02
1.529643981119676539e+02
1.524960824023999066e+02
1.522813425618560075e+02
1.528472046219355320e+02
1.526548654629968951e+02
1.523300380381585342e+02
1.530390552056753677e+02
1.528270010751999166e+02
1.523851138911642806e+02
1.526857407365004917e+02
1.526603790375725112e+02
1.527669764217054365e+02
1.530235508988970992e+02
1.528703138319607149e+02
1.524962111790939048e+02
1.522919182891029948e+02
1.528979153921504803e+02
1.526552912770995931e+02
1.530123196554629601e+02
1.527756491825370802e+02
1.526929067895390517e+02
1.532808066760073586e+02
1.530890192525966711e+02
1.530610077070804209e+02
1.530736280856023370e+02
1.524541606306275980e+02
1.526040557583811221e+02
1.526811480094282842e+02
1.529665890560249863e+02
1.532123716862077742e+02
1.529989671815307588e+02
1.527350933836453351e+02
1.529346756505633493e+02
1.526272503766309114e+02
1.530527798894702869e+02
1.526538255524627345e+02
1.527927193087269870e+02
1.524158079475461420e+02
1.529920476148356556e+02
1.529169346102125360e+02
1.526084553191341513e+02
1.532973368184910328e+02
1.523758351809165106e+02
1.527180629323880225e+02
1.527470709156997088e+02
1.531209996233238257e+02
1.527674434235053980e+02
1.531184538049691923e+02
1.532799656973253093e+02
1.530140801714851762e+02
1.525610417701766721e+02
1.524429037371807567e+02
1.526480168973966443e+02
1.532716771160548035e+02
1.525777205277220503e+02
1.532983241747013210e+02
1.531472932181675333e+02
1.532961797610613246e+02
1.526699928765573588e+02
1.524262714406009138e+02
1.525605171337635397e+02
1.531687708332009663e+02
1.527556989494658808e+02
1.532577437496953223e+02
1.533156631793201825e+02
1.529152398917709945e+02
1.526600107542601279e+02
1.524694432552095975e+02
1.530241349923742291e+02
1.527621904081092907e+02
1.532638476357215609e+02
1.529859501838112408e+02
1.525760344609863068e+02
1.531813774141708109e+02
1.526718122899809487e+02
1.527465426427080502e+02
1.531073575455941409e+02
1.534399432178454390e+02
1.531443121510010315e+02
1.533492753708689520e+02
1.525780173941895725e+02
1.534510788832088224e+02
1.534022316787769853e+02
1.532383020982418884e+02
1.526339619281806108e+02
1.533464160804985283e+02
1.531079571030783484e+02
1.531408409116652649e+02
1.532323540732388096e+02
1.529466079285487865e+02
1.525986951126582483e+02
1.534653857168384263e+02
1.533501115364417728e+02
1.534355094878413013e+02
1.530333303937290452e+02
1.527330228842226632e+02
1.533442648411011646e+02
1.533211822420924477e+02
1.531465832507247455e+02
1.528836344416011741e+02
1.534832695593868834e+02
1.532871810392556995e+02
1.532448604264771745e+02
1.533649404631048299e+02
1.531002700866377779e+02
1.529008936452965202e+02
1.533551505072370560e+02
1.530012635463184267e+02
1.529290764932833042e+02
1.526928649460961935e+02
1.532610452564210561e+02
1.528953316335243926e+02
1.534987507721506290e+02
1.531691072485610050e+02
1.529990674714058514e+02
1.532801287443688238e+02
1.530052070110866111e+02
1.528163616160773586e+02
1.533353120921237860e+02
1.534237052964510326e+02
1.533845351897931550e+02
1.529800601834180895e+02
1.535618731839361146e+02
1.530553607386002568e+02
1.531762121488191326e+02
1.533574721200648980e+02
1.534306323716918996e+02
1.531288178223095144e+02
1.533437272528718154e+02
1.534268685776920336e+02
1.529059183770498862e+02
1.535748164065827552e+02
1.531488031479878771e+02
1.528300774394897985e+02
1.529467111451436665e+02
1.529039738030023443e+02
1.533750817447819657e+02
1.535880793299384095e+02
1.532676916962802522e+02
1.527955170436480898e+02
1.532044760243667270e+02
1.528663857237092429e+02
1.529025317356580160e+02
1.533360747961488642e+02
1.529273527884688804e+02
1.529911874791289677e+02
1.526612341063528504e+02
1.535574070499690436e+02
1.529771397206552024e+02
1.531293278604639170e+02
1.533932888032248911e+02
1.533245746508718810e+02
1.530855118614911987e+02
1.528035585602841309e+02
1.531465809158430034e+02
1.536401650929317100e+02
1.533087052729862876e+02
1.534252093138340740e+02
1.535973922351266197e+02
1.530417134715832503e+02
1.530637693940843462e+02
1.531803973032964166e+02
1.529540513135694653e+02
1.530487423239956115e+02
1.533966801115083740e+02
1.533516753971434525e+02
1.533534302570082559e+02
1.534118489380168171e+02
1.529077737157936099e+02
1.531277383287493592e+02
1.528864712474257033e+02
1.535566301573284704e+02
1.530621986551875864e+02
1.531572054762766584e+02
1.529755457425281691e+02
1.532738686946485416e+02
1.532755537044015171e+02
1.528242921557585134e+02
1.535069924556397893e+02
1.535226264082930925e+02
1.531392090320609043e+02
1.537257577789145842e+02
1.534095425857034343e+02
1.534751698143223848e+02
1.536690227879921053e+02
1.528836814551762870e+02
1.531291795402418927e+02
1.535953705300360923e+02
1.529587172047255308e+02
1.536865968908537639e+02
1.530903733376138689e+02
1.532526787358857803e+02
1.533202553500419469e+02
1.531734929350746768e+02
1.534765754499261732e+02
1.528889940331430637e+02
1.533152928262477417e+02
1.534939532943089091e+02
1.535321779954363421e+02
1.528645605705931132e+02
1.532505556977638719e+02
1.534994161266803303e+02
1.531284183712110689e+02
1.536856276244172079e+02
1.530247914524435657e+02
1.530646758965350216e+02
1.536987097362029431e+02
1.531181793342797164e+02
1.530894269971700794e+02
1.532713112603493926e+02
1.538314851771439749e+02
1.529975971813214244e+02
1.533376917766602787e+02
1.532312625606605820e+02
1.530159348336650567e+02
1.530259705523141918e+02
1.534419144140739206e+02
1.529127953314074091e+02
1.533734028313430429e+02
1.538275737879183112e+02
1.531863304655634295e+02
1.536320117568473904e+02
1.530092062933786394e+02
1.529219857119443873e+02
1.537041631856623383e+02
1.530596065936755110e+02
1.529323347270754709e+02
1.530125515477578233e+02
1.538484668466944640e+02
1.538046847350624091e+02
1.531187724999138879e+02
1.536616172782966316e+02
1.537757308695216238e+02
1.530132445564459829e+02
1.537512962266426086e+02
1.533398477447148593e+02
1.537329112230604551e+02
1.531646104037065470e+02
1.529739519340430149e+02
1.531083204336066501e+02
1.530099128272396456e+02
1.529444402352586962e+02
1.537229603287292434e+02
1.530316621925273921e+02
1.534347615688664348e+02
1.532501478402614055e+02
1.531482183589868669e+02
1.530837985648600181e+02
1.539034109580705092e+02
1.531189337452541963e+02
1.533782887378276030e+02
1.538380076339171865e+02
1.539548292561968310e+02
1.533888131279222193e+02
1.531438391510129122e+02
1.531641413121422204e+02
1.530372193330774166e+02
1.533662477778794084e+02
1.530172402886864234e+02
1.538058317896359881e+02
1.536854234329107669e+02
1.531333715127087487e+02
1.531727368795152131e+02
1.531671771595556777e+02
1.538013238400744171e+02
1.534458706098577068e+02
1.531282196442718941e+02
1.533047675715172886e+02
1.536555787841110998e+02
1.535017991588183577e+02
1.538235961015905104e+02
1.535396685472956335e+02
1.531808374056644482e+02
1.534603746653972962e+02
1.539740561176307097e+02
1.533216194644734287e+02
1.534517767539595070e+02
1.539667630822412718e+02
1.533587944896069075e+02
1.532550130387251954e+02
1.535776551560153678e+02
1.534647228336557703e+02
1.534239277238506247e+02
1.537970995557121796e+02
1.539820887122471333e+02
1.531358017500363928e+02
1.533980111151198571e+02
1.539568878908636407e+02
1.539322549346441633e+02
1.533988490376059417e+02
1.538500940144388949e+02
1.537010181032299556e+02
1.539368343655131071e+02
1.534211725895490588e+02
1.533204383688924111e+02
1.539420881799264293e+02
1.531507536502802509e+02
1.538102382046015180e+02
1.533788546596565823e+02
1.536403270076407352e+02
1.539987696618033510e+02
1.536661913898272473e+02
1.535713232797860712e+02
1.533055540671987558e+02
1.531186407952102400e+02
1.540772201900823859e+02
1.538001056006247040e+02
1.538844627559755907e+02
1.533678489372579179e+02
1.540709956463105925e+02
1.535962131829937505e+02
1.538813588836530357e+02
1.539207352076090274e+02
1.537476079710442320e+02
1.533278219846012291e+02
1.532014112430568105e+02
1.533474660995275087e+02
1.535026175609379777e+02
1.537570118731104571e+02
1.533982940884926052e+02
1.537943527996866635e+02
1.533889022252690211e+02
1.539158358501665589e+02
1.534944197583637617e+02
1.535376636158007102e+02
1.532226275364839978e+02
1.538917671125163906e+02
1.535403064593180034e+02
1.533827495987500527e+02
1.541391712878883880e+02
1.536248903949482951e+02
1.540995949587374980e+02
1.539208533357848694e+02
1.532801623896647243e+02
1.532448155396286325e+02
1.534041106467408895e+02
1.536448516323512763e+02
1.539514119415828475e+02
1.538021260864018416e+02
1.536807649501621711e+02
1.538211527807672212e+02
1.541974229424002658e+02
1.539037722798740901e+02
1.541613681596391245e+02
1.534182771702675154e+02
1.532589687636875908e+02
1.532917216796396929e+02
1.538973325756482495e+02
1.539055800739504889e+02
1.542171814485791970e+02
1.539831246818778538e+02
1.534647955512993747e+02
1.535323443812474977e+02
1.534233889085042222e+02
1.533988544915218597e+02
1.532554594457515407e+02
1.540453006561129143e+02
1.535858464386521405e+02
1.539503974984918102e+02
1.542367661739999392e+02
1.535167065430813125e+02
1.537561573825359176e+02
1.534956333378182478e+02
1.535701229893542745e+02
1.542433912798374536e+02
1.537721437069278068e+02
1.540133979753833273e+02
1.542317758333226152e+02
1.542816320866566855e+02
1.534005351647865893e+02
1.540419969387769470e+02
1.533671008616625500e+02
1.540517832913640461e+02
1.536409228820232045e+02
1.542201148109539020e+02
1.538549748104113633e+02
1.540366228932961690e+02
1.535663564094498668e+02
1.540915390723710914e+02
1.538134063662527353e+02
1.537766089000683678e+02
1.542259466754477160e+02
1.534565954722690435e+02
1.536493840638979123e+02
1.537804330124069736e+02
1.543084253482557529e+02
1.540631304536473749e+02
1.533971434890480054e+02
1.541528702169323992e+02
1.543247015960309909e+02
1.543432597782394566e+02
1.541795147063835429e+02
1.533968881678929961e+02
1.534984909522803775e+02
1.537202784269455833e+02
1.538484711350194232e+02
1.536144569606187247e+02
1.536702517618270178e+02
1.540917063374847942e+02
1.535973739020533344e+02
1.537110371949430032e+02
1.534031794092021528e+02
1.534063923197992665e+02
1.539073932683142516e+02
1.535240007239670206e+02
1.541732001000090975e+02
1.536625674028279889e+02
1.543059474013444685e+02
1.535855227670876673e+02
1.535627753910135311e+02
1.535006440327705661e+02
1.536493827531909346e+02
1.539630519405551752e+02
1.541612495953150699e+02
1.535563074918358382e+02
1.537149310847635206e+02
1.538826266957803739e+02
1.536148445787984258e+02
1.535348471322593866e+02
1.535757396361902636e+02
1.535161871306550836e+02
1.540597145750112418e+02
1.543864721395406718e+02
1.537298396823361770e+02
1.534768684288753207e+02
1.536630029276824985e+02
1.542828593821216145e+02
1.538109956085799297e+02
1.537976416538972160e+02
1.535238479775190683e+02
1.539391324615662313e+02
1.538710326330931082e+02
1.542213327650305814e+02
1.538727680984132746e+02
1.539636829768391522e+02
1.536268713072000480e+02
1.542936119453864876e+02
1.544749625651217002e+02
1.541228506364344639e+02
1.536440730700546169e+02
1.535605717213935861e+02
1.541210643011553429e+02
1.542232041059093888e+02
1.545018086580881516e+02
1.544045918414334722e+02
1.543393610830313207e+02
1.538373198116784693e+02
1.538703383671821712e+02
1.540163802415656562e+02
1.544547609627144595e+02
1.541193428000651977e+02
1.540149219356168544e+02
1.543198238909621693e+02
1.539128250640469560e+02
1.544598105880787386e+02
1.542057920875261345e+02
1.535570813344116061e+02
1.540725850831434229e+02
1.543922906254617544e+02
1.536260218357163296e+02
1.545333489975642749e+02
1.536056046155362935e+02
1.536996697922699582e+02
1.540406632340628335e+02
1.543873751017385132e+02
1.538531921547297259e+02
1.543547648143234028e+02
1.545310198595461486e+02
1.535870005253062516e+02
1.536523756336491715e+02
1.536067314098261249e+02
1.536311054376914740e+02
1.541559177856238705e+02
1.537974479933218674e+02
1.539425698287340651e+02
1.541050914894527750e+02
1.536337776492536591e+02
1.539191218816335720e+02
1.544426393330393807e+02
1.541554520341465775e+02
1.541502001379007254e+02
1.541083637648463309e+02
1.540475114364401463e+02
1.538110215729425931e+02
1.540868060807686390e+02
1.545630176421527722e+02
1.538351575765767336e+02
1.538158886826959133e+02
1.537705363789379476e+02
1.546115555295066883e+02
1.543994401956305467e+02
1.540664201963101902e+02
1.541996812005225195e+02
1.541999436377546147e+02
1.544399597743404797e+02
1.541874840466159924e+02
1.536813009853055974e+02
1.537397076885770559e+02
1.536807340013501459e+02
1.544213825454417020e+02
1.544245474120879180e+02
1.539401866839411639e+02
1.546255051195599606e+02
1.541870217983211262e+02
1.539974573324573441e+02
1.538441364712637096e+02
1.539476582016084194e+02
1.542576548791829225e+02
1.541437576278435699e+02
1.540560452538155971e+02
1.542394462966433082e+02
1.538220976709811794e+02
1.541621623794883078e+02
1.545840425222979206e+02
1.546030366134436349e+02
1.545263922246073207e+02
1.544009610513395216e+02
1.545917160448931043e+02
1.546420538416846000e+02
1.540310528246246520e+02
1.545312623843204562e+02
1.542957626271907827e+02
1.542122677656245742e+02
1.539047372655665527e+02
1.538193185006374506e+02
1.538958351959928166e+02
1.545313901414122597e+02
1.541741714460152366e+02
1.546518134820563830e+02
1.547058716783112118e+02
1.546223266162639618e+02
1.546086038061116597e+02
1.545859241289228976e+02
1.543810100105419849e+02
1.539738907330245752e+02
1.541842897214205550e+02
1.541325181823184494e+02
1.540794125484965491e+02
1.547128261277870251e+02
1.543122918284833531e+02
1.544727712971908886e+02
1.538097998783769356e+02
1.542139933158404688e+02
1.546116589635109335e+02
1.543761984309927868e+02
1.538208046831865374e+02
1.544400837472180115e+02
1.538731018297643516e+02
1.543441997837132078e+02
1.541675800654794557e+02
1.538488494236760573e+02
1.546744667068441856e+02
1.544095165662736235e+02
1.545649207162853429e+02
1.547377187971159458e+02
1.543078675925897301e+02
1.542724321770370750e+02
1.544405150287537367e+02
1.545345837457215623e+02
1.545812972109949044e+02
1.541983142026737426e+02
1.544051867451072724e+02
1.546858512548658950e+02
1.547378313601618913e+02
1.539259888867122186e+02
1.544545649579281417e+02
1.547674767859253109e+02
1.543144856202021913e+02
1.543374483278288665e+02
1.541877985514714169e+02
1.545028641718139681e+02
1.544774719676624386e+02
1.543941732190379525e+02
1.548419993434575304e+02
1.545955331192175777e+02
1.545719212301117409e+02
1.548485767984337542e+02
1.543009394856696588e+02
1.542313508203824028e+02
1.541680093206950346e+02
1.541813488601497681e+02
1.544877921574591539e+02
1.545779801515996610e+02
1.546361541842481984e+02
1.548165927942382893e+02
1.547071120030612974e+02
1.541834459690483072e+02
1.544033976391391434e+02
1.546137225879617461e+02
1.546519345050170955e+02
1.548813038753924047e+02
1.548293625792936439e+02
1.548057296608445199e+02
1.544792303597630223e+02
1.548958618879151174e+02
1.546239735985747075e+02
1.541956343473819970e+02
1.540064983887666301e+02
1.540639094126212285e+02
1.546338886538229360e+02
1.549024848108891774e+02
1.544121920986818566e+02
1.542203431460697232e+02
1.542935202505944972e+02
1.540547970742690325e+02
1.544482579450089759e+02
1.540553684188464558e+02
1.549017326312652187e+02
1.547192982303323845e+02
1.546878017627358304e+02
1.545976922081240730e+02
1.547741233287846683e+02
1.545871859216057373e+02
1.540128272900936111e+02
1.546316257278580224e+02
1.541686197189028178e+02
1.546082022042647566e+02
1.547005820365471038e+02
1.543347864336965358e+02
1.547439850021352754e+02
1.542348516205409226e+02
1.547793431154005930e+02
1.547917635764324586e+02
1.547940594655963764e+02
1.543447940586594882e+02
1.545583435756620929e+02
1.541165832373239368e+02
1.548333611361049975e+02
1.547949447878991691e+02
1.544762585365555481e+02
1.542760512778307316e+02
1.547443323146774219e+02
1.540511424516044485e+02
1.544626191937460362e+02
1.543103356747801342e+02
1.546473022092378358e+02
1.549974786698093396e+02
1.546374709704853103e+02
1.548292719052046209e+02
1.549819179997833203e+02
1.542021265213730317e+02
1.541627771331558279e+02
1.543547551038946040e+02
1.546089985922394021e+02
1.548265303047813575e+02
1.547108590389912308e+02
1.550860043062780846e+02
1.542189769619781430e+02
1.548938308958776133e+02
1.544415916303359211e+02
1.542406005441760897e+02
1.543506133539257803e+02
1.548347091304959804e+02
1.544460668328359816e+02
1.547417913260453304e+02
1.547643311677256293e+02
1.548373326367515119e+02
1.543833039570969845e+02
1.544548738758621482e+02
1.545519916162041341e+02
1.546485108734731284e+02
1.549693590195710158e+02
1.550404306272910731e+02
1.546260187468297147e+02
1.546017717821118538e+02
1.547798577667070958e+02
1.550846001085166392e+02
1.547160888156528529e+02
1.543517997583278429e+02
1.550704822734898869e+02
1.546795481658308802e+02
1.544703326923330451e+02
1.550481569828955344e+02
1.546607851892720475e+02
1.544286938949413752e+02
1.545474172611357062e+02
1.550373222022272728e+02
1.548875075368840157e+02
1.551692886846123542e+02
1.544551317939474018e+02
1.543526465662776559e+02
1.548883120703679310e+02
1.546188735411340360e+02
1.545683434299437806e+02
1.544082880124576889e+02
1.549824002711563651e+02
1.547973905736483573e+02
1.542759245103424632e+02
1.542826427453473457e+02
1.544883549197656123e+02
1.548693600905939149e+02
1.551954504381193374e+02
1.551155069370205410e+02
1.546113284847630780e+02
1.551634591258793137e+02
1.543092361550608587e+02
1.542452470313177173e+02
1.546859986678693417e+02
1.547130907976606409e+02
1.548693754985350211e+02
1.551232491354180922e+02
1.545742744942268416e+02
1.549479193850432921e+02
1.551887512510550948e+02
1.547570346301992288e+02
1.550045403368104360e+02
1.547037613347098102e+02
1.549964537240689992e+02
1.549255746189939202e+02
1.542743530391906290e+02
1.546419629632763986e+02
1.543751577887167912e+02
1.546596484323334835e+02
1.547537613383938435e+02
1.552287951671351607e+02
1.549247385682079425e+02
1.546123688117683912e+02
1.550555726033606447e+02
1.551878558667601453e+02
1.544959775731192053e+02
1.549549510653796744e+02
1.547267874592413648e+02
1.545325144923742471e+02
1.552687461937373143e+02
1.548825687202999291e+02
1.547899376213210019e+02
1.547229054801990742e+02
1.544044421656069801e+02
1.544393095387477786e+02
1.548727298567324056e+02
1.552277338873765018e+02
1.545239076374311935e+02
1.543494491426072841e+02
1.551805731891329287e+02
1.552728591195209447e+02
1.549654275940891921e+02
1.553255749335177711e+02
1.543798075785595074e+02
1.551581355496091703e+02
1.543974394348625196e+02
1.550995764695910282e+02
1.550319048931572183e+02
1.543724551166627066e+02
1.547610408569919684e+02
1.546594175837001615e+02
1.546207808147582057e+02
1.549962827231959466e+02
1.551510909591917482e+02
1.549422221234349308e+02
1.549516492877952487e+02
1.544111379651345999e+02
1.546785034740714195e+02
1.544458361212908812e+02
1.551201546835672218e+02
1.553207100865587336e+02
1.546765369423999914e+02
1.544569077254110709e+02
1.552009714989429483e+02
1.545653445371692669e+02
1.553627556603478581e+02
1.551279468982592391e+02
1.548656923120042563e+02
1.546552994912566419e+02
1.545178760199946737e+02
1.554240671540132439e+02
1.553546869078705299e+02
1.547956111141091071e+02
1.545239638034666996e+02
1.549974909089597190e+02
1.545473604713619693e+02
1.551862588399800700e+02
1.545565056520065923e+02
1.551554780975071992e+02
1.549656637010753286e+02
1.550453204420359725e+02
1.546149199277313926e+02
1.552745348326355668e+02
1.554214483399042592e+02
1.550405255407791003e+02
1.553685816183371742e+02
1.554275869417483591e+02
1.545567052967154211e+02
1.549954598120666844e+02
1.548468019003350662e+02
1.548042451511072386e+02
1.546417340560224716e+02
1.553197549479144755e+02
1.549668817834521803e+02
1.552503166624772462e+02
1.547892124575219270e+02
1.550023249886392023e+02
1.547205836492176445e+02
1.548809417766626382e+02
1.550198576231369429e+02
1.549550955793296794e+02
1.551411439143387270e+02
1.554643366486394314e+02
1.549224009682511678e+02
1.554901846886564556e+02
1.551068561817647549e+02
1.549180316120160228e+02
1.550735461952668004e+02
1.553587066139830881e+02
1.549217684628674476e+02
1.548454443177481039e+02
1.553447035217091070e+02
1.553185626772830972e+02
1.550901008266619101e+02
1.547549728702789764e+02
1.545740709420512928e+02
1.548931763174694254e+02
1.548372162231650009e+02
1.554954983688609218e+02
1.551539919284532516e+02
1.550598024251028448e+02
1.545893036441725030e+02
1.550850478235937544e+02
1.551026342142100134e+02
1.547537615614087656e+02
1.551042575284078566e+02
1.555056568573006075e+02
1.549007266988339779e+02
1.554744967175726060e+02
1.549743304445510148e+02
1.549545884235927815e+02
1.553421359210261130e+02
1.554546564391584980e+02
1.551581600067743807e+02
1.553115829281951790e+02
1.549077338217703073e+02
1.549768598352958122e+02
1.551290054167832011e+02
1.554517155433446476e+02
1.552084267896119343e+02
1.546551228212832143e+02
1.547390712716229189e+02
1.547700132841566756e+02
1.552439167230518251e+02
1.553900773613394222e+02
1.550330749664560130e+02
1.552988286708872749e+02
1.552995706025857316e+02
1.553704904095111488e+02
1.554570881302560110e+02
1.546873062242131880e+02
1.547431600912985914e+02
1.551796245566648906e+02
1.555695703923526594e+02
1.549593216496593016e+02
1.550020797428264245e+02
1.550498369261375444e+02
1.549947851424087446e+02
1.547236426841713524e+02
1.554945207416649282e+02
1.555273344039398467e+02
1.556335246832947519e+02
1.551666884315278878e+02
1.551939359708839277e+02
1.554404829270648918e+02
1.554747775207151790e+02
1.556605905188172585e+02
1.553374526516757896e+02
1.557003955431707993e+02
1.549455338248861267e+02
1.547961595370069006e+02
1.554764191181511990e+02
1.556489123796899605e+02
1.555584264045226348e+02
1.550143248383973003e+02
1.549123424255775774e+02
1.556543010044907192e+02
1.553928057883721010e+02
1.548932547521651770e+02
1.552204068009869218e+02
1.549380643245251292e+02
1.553705060994305143e+02
1.555402360677561546e+02
1.549560074096379481e+02
1.548422431695421722e+02
1.550298151058418910e+02
1.557378917924999087e+02
1.555900198083362795e+02
1.554290979409713032e+02
1.557159447356966098e+02
1.555503942258658867e+02
1.556266148084482950e+02
1.552924279870013322e+02
1.557161288464322695e+02
1.555378942362081602e+02
1.550285738847387620e+02
1.556939532621687476e+02
1.552848252030147762e+02
1.554726076277054574e+02
1.548959142476398370e+02
1.549130844765119264e+02
1.556123061175591999e+02
1.557243906860408629e+02
1.558107061627820258e+02
1.551235307679634445e+02
1.553401785294493607e+02
1.548817255443321130e+02
1.552132557292762840e+02
1.555829943187595745e+02
1.551585493123991171e+02
1.554263496461218210e+02
1.557385681299511759e+02
1.558162117010721488e+02
1.554675990064938560e+02
1.549086284820289734e+02
1.549247274565593386e+02
1.558364566867854535e+02
1.550261433639959421e+02
1.549532413001184636e+02
1.552940535828005011e+02
1.556682680005517341e+02
1.548694290674380056e+02
1.550969770169250523e+02
1.554912946709390553e+02
1.550958827274156988e+02
1.555249740562537681e+02
1.550263619051311252e+02
1.553590549126568021e+02
1.552662062101215952e+02
1.553125089329056721e+02
1.558148822936082354e+02
1.552840438536548504e+02
1.551348179061658925e+02
1.556903320826124286e+02
1.553377597970307136e+02
1.554708680271526191e+02
1.554528047068937440e+02
1.557827282985588795e+02
1.554840121678128071e+02
1.558429432074555621e+02
1.553852448535162978e+02
1.555401351606456046e+02
1.551879439665674170e+02
1.552911800934875259e+02
1.555686817022003652e+02
1.553954516800906731e+02
1.557228993813870090e+02
1.550168285613218302e+02
1.555821875803939918e+02
1.558051990987036959e+02
1.551616084215341118e+02
1.557740315182485347e+02
1.558867426120587822e+02
1.553504174870414545e+02
1.554631656512272002e+02
1.552305417682119355e+02
1.555278544033839978e+02
1.559009159375684987e+02
1.550644956404903780e+02
1.555318696696087954e+02
1.551415182129952655e+02
1.559626551747750227e+02
1.554274827919998643e+02
1.552966662881489697e+02
1.551964470091775752e+02
1.556540164836910378e+02
1.554703080996252709e+02
1.550970583362290540e+02
1.558704251838155415e+02
1.550067412003009224e+02
1.557376303062949034e+02
1.553236456865901403e+02
1.552810467973160939e+02
1.552144718015760247e+02
1.551056862138405563e+02
1.556769716019795169e+02
1.552021216547125846e+02
1.553327879040443236e+02
1.550356372484391727e+02
1.558063591145026123e+02
1.553310787390509233e+02
1.560034345369702180e+02
1.556075023132190438e+02
1.554009287514058713e+02
1.551050281313731887e+02
1.558838324592759932e+02
1.550946277465574497e+02
1.555687033898709046e+02
1.551797738098959201e+02
1.553502783085261569e+02
1.553149572404451817e+02
1.552587045444355454e+02
1.558287081819901516e+02
1.558666206117888464e+02
1.557410178425786000e+02
1.559544280789253605e+02
1.551051034004310907e+02
1.552188433715460008e+02
1.560747813197531570e+02
1.553079472536734045e+02
1.551261134531252424e+02
1.557846344489199737e+02
1.554648291259277073e+02
1.560882230868675435e+02
1.556981414624846423e+02
1.560608427118807811e+02
1.558540389309071372e+02
1.552739439616317156e+02
1.559088803245469137e+02
1.555456986496593288e+02
1.554901673680224974e+02
1.553385632431335921e+02
1.554137956267730942e+02
1.552648901160524986e+02
1.559838988029095788e+02
1.551454544582343260e+02
1.552440818928958777e+02
1.560016864516656199e+02
1.557732777809794698e+02
1.556995736139845121e+02
1.552760876389568523e+02
1.553178680613528115e+02
1.555362939092647139e+02
1.555346635283302419e+02
1.556875871768032198e+02
1.556974121080927773e+02
1.561482846728298455e+02
1.553298631980796642e+02
1.561641151911293264e+02
1.552318154278699183e+02
1.556333572853455109e+02
1.556933031193846375e+02
1.561607734899385775e+02
1.554513865665821015e+02
1.553280479838605004e+02
1.560620121974176584e+02
1.556697291506871750e+02
1.552636994547404754e+02
1.553202295553220154e+02
1.553610945804824723e+02
1.555560934697346624e+02
1.560355174922756305e+02
1.560459819929894820e+02
1.556188039379427153e+02
1.557147649421418123e+02
1.556719597893770128e+02
1.556794413259127339e+02
1.553573111006168119e+02
1.555462647618775804e+02
1.561801476545120408e+02
1.554349642641719811e+02
1.559295101110307371e+02
1.561549619624323952e+02
1.553348400713372826e+02
1.553022327155775031e+02
1.557610446446320509e+02
1.559997861289058392e+02
1.553305310334737328e+02
1.552999360734945924e+02
1.556217866711222086e+02
1.561532015817586512e+02
1.555212353756612913e+02
1.553152672605793612e+02
1.552745924002181823e+02
1.557824302322732422e+02
1.553596429112589590e+02
1.557513534952188081e+02
1.558899164787821121e+02
1.559176947028898041e+02
1.556489852182927223e+02
1.556615588601454192e+02
1.554910740433501530e+02
1.556312790790709073e+02
1.553996785260617060e+02
1.557081866620361268e+02
1.557857265093902583e+02
1.561448777990464407e+02
1.556366558832417013e+02
1.561972799516751991e+02
1.556604078878864925e+02
1.558259788470422222e+02
1.554659014871701572e+02
1.562140576822000639e+02
1.559899571833151128e+02
1.562727936148733363e+02
1.558281334357321555e+02
1.554484146097659050e+02
1.561839483177935790e+02
1.560300807177806632e+02
1.554524132615933922e+02
1.559614849241670527e+02
1.560541030646085403e+02
1.558832068738349221e+02
1.557111257506928723e+02
1.562547832683125080e+02
1.554881466093257529e+02
1.556822592004764658e+02
1.553852837886960288e+02
1.560478679911755080e+02
1.560359983747688091e+02
1.554000372094697013e+02
1.561803481836675758e+02
1.563786717036993537e+02
1.554421036550336055e+02
1.556435794203468390e+02
1.554295779325250635e+02
1.561571616742851916e+02
1.555631225754233071e+02
1.557416747533845012e+02
1.560588692741831665e+02
1.557989049641230679e+02
1.562417209092184578e+02
1.560907309196548454e+02
1.559921796905299516e+02
1.560437903993702946e+02
1.563161527262298875e+02
1.561776579746112930e+02
1.563143214211397662e+02
1.564079776869816953e+02
1.556918537393256372e+02
1.562106137382833992e+02
1.558329754189445850e+02
1.560134680923970052e+02
1.557994343118945721e+02
1.555901087212455991e+02
1.560721633983311563e+02
1.559623524792783087e+02
1.555046476301676535e+02
1.556932930188570197e+02
1.560064496188528267e+02
1.563737119278376611e+02
1.559042958921201034e+02
1.554805988589595813e+02
1.558056231267744067e+02
1.559731758560216406e+02
1.558453160731573348e+02
1.562154185601870608e+02
1.557660106036658760e+02
1.562603998254928399e+02
1.561632796169619724e+02
1.562665316042964605e+02
1.556188713440254787e+02
1.560573419099991099e+02
1.563828161903445846e+02
1.557795423164222655e+02
1.560482372034982745e+02
1.564573850866862585e+02
1.555803040977084493e+02
1.565087892292994809e+02
1.560531843758321031e+02
1.562904161752653067e+02
1.560793934523376834e+02
1.559137946866857192e+02
1.562309256452322188e+02
1.560794781645166438e+02
1.562900434537992282e+02
1.562528679788572674e+02
1.556412826591895566e+02
1.560612073333638250e+02
1.557680227346977233e+02
1.561680967577718206e+02
1.563783175877972269e+02
1.556842209370133219e+02
1.562458311649645850e+02
1.563757515117352455e+02
1.560062693086721595e+02
1.564104030922007098e+02
1.558670724859788663e+02
1.559134638874237169e+02
1.558282214122436642e+02
1.563527713849749148e+02
1.565472140678434698e+02
1.563857810352215267e+02
1.559596182610706308e+02
1.564790039744974308e+02
1.561134171278009148e+02
1.562887689408350695e+02
1.559831358341961618e+02
1.556463223458734717e+02
1.558039056814068317e+02
1.564443873789360566e+02
1.559438645333538034e+02
1.566016341905964282e+02
1.558269108348430052e+02
1.559102401820072714e+02
1.560323253303251363e+02
1.561506814730508381e+02
1.557176143880672612e+02
1.561943886556385905e+02
1.562868129808794890e+02
1.558972645498303677e+02
1.558695668872560134e+02
1.561553676074534565e+02
1.561248768200782706e+02
1.563731192663462366e+02
1.557305343168632703e+02
1.566197296096036098e+02
1.562739764567620853e+02
1.558363818329563912e+02
1.566427125097246460e+02
1.557072833221215831e+02
1.561871233036438582e+02
1.559292817202507138e+02
1.558084185146243499e+02
1.558005991366862304e+02
1.557834271510895121e+02
1.558727236494619035e+02
1.558190826798989690e+02
1.557577517415180068e+02
1.559249647443321862e+02
1.560088398243760253e+02
1.561931292315903477e+02
1.561521718915574013e+02
1.560696551679823756e+02
1.563733030286606152e+02
1.561197937939274709e+02
1.564007973545065227e+02
1.562418006646895776e+02
1.562857930184367490e+02
1.562174097212331674e+02
1.561441514759047209e+02
1.566373867103442592e+02
1.563993827568897075e+02
1.566832400539624359e+02
1.557556117960527047e+02
1.560639864739611653e+02
1.567111788862405035e+02
1.564197277546190605e+02
1.564547716501342904e+02
1.561640000550668219e+02
1.564713987227732730e+02
1.562040998255821478e+02
1.557604969718750851e+02
1.560136554242062061e+02
1.561986964663865365e+02
1.561957937913173566e+02
1.561568541763581663e+02
1.563001990979486209e+02
1.558208037327561613e+02
1.565278999164144409e+02
1.559283210339935977e+02
1.559175777582863134e+02
1.558737785733422356e+02
1.561229157894053969e+02
1.560566854995140034e+02
1.565089997357893878e+02
1.559691140091723298e+02
1.562972539439822128e+02
1.560792935621704487e+02
1.562393220536291381e+02
1.561508719274540908e+02
1.558393247658964356e+02
1.561650654902843769e+02
1.567901854408087843e+02
1.567713433411075812e+02
1.566282684956541118e+02
1.561893137635988467e+02
1.559806607534134457e+02
1.563524830928548965e+02
1.559058325718024207e+02
1.564980904719413672e+02
1.558630860189607006e+02
1.566228651868469228e+02
1.558968314448233627e+02
1.559605376487033368e+02
1.567357970620878120e+02
1.559029491017082023e+02
1.562543464091525607e+02
1.560647964455054080e+02
1.558697930808932881e+02
1.559361871255368328e+02
1.562219658826907391e+02
1.566732033461456410e+02
1.567897211095973660e+02
1.561412817247205567e+02
1.565854791610794621e+02
1.563694711308091314e+02
1.568227777188281209e+02
1.560211085169655689e+02
1.561223333770280419e+02
1.560288567469401357e+02
1.568755694937813985e+02
1.563368049967614866e+02
1.561555398177085294e+02
1.567649904570540400e+02
1.566423241670437676e+02
1.568345148142840344e+02
1.568232601128887040e+02
1.566820295797064944e+02
1.563316736660993627e+02
1.560146374345439710e+02
1.563841226827763364e+02
1.563323599664531400e+02
1.564921704049250764e+02
1.561358176211487034e+02
1.563187212062987896e+02
1.568269003787398788e+02
1.564835709294919752e+02
1.564705006473566016e+02
1.564645546999605017e+02
1.560936695014075610e+02
1.564950560233305055e+02
1.560525797965285619e+02
1.566676984170737228e+02
1.567839890341028593e+02
1.567789824629230111e+02
1.568380186195961414e+02
1.560659142450635670e+02
1.569757601301017473e+02
1.560426511707579209e+02
1.569295761159166602e+02
1.565293550401188156e+02
1.569593842096581966e+02
1.568402128410604632e+02
1.564371678973224391e+02
1.566294764472714860e+02
1.569351518301596684e+02
1.565535352288491993e+02
1.567587124620160068e+02
1.564977569420028374e+02
1.565975858855684919e+02
1.565425450316312777e+02
1.569179116903770250e+02
1.561451428290969545e+02
1.563209287107991088e+02
1.570087072284392491e+02
1.567799307055520615e+02
1.568291312498718355e+02
1.560497127967309154e+02
1.560471381703023894e+02
1.564789308031089945e+02
1.569848683999391312e+02
1.568216670829997383e+02
1.566126012578083646e+02
1.569704291158948308e+02
1.569301959302890737e+02
1.566443484001787283e+02
1.562994550876548772e+02
1.564008097596722280e+02
1.564549376474685118e+02
1.569805166386761073e+02
1.563309446954625628e+02
1.570645620968949174e+02
1.562497747546158280e+02
1.565553246837978918e+02
1.561845565915014333e+02
1.566860726518408455e+02
1.567868880246830940e+02
1.563566163949879808e+02
1.562570424847467052e+02
1.562931302751815963e+02
1.566600789239246865e+02
1.562123089133045539e+02
1.568267518891765064e+02
1.567491247749420893e+02
1.561577570535521033e+02
1.565773857894098455e+02
1.566694432385246500e+02
1.571020503419914576e+02
1.571217168446395078e+02
1.564133647649473744e+02
1.563524303012782468e+02
1.562585669560407382e+02
1.562559041425363375e+02
1.569689990384349869e+02
1.563793135279096589e+02
1.569040259579774954e+02
1.562942006336316751e+02
1.571330105286863272e+02
1.569455319437470280e+02
1.564946450453674629e+02
1.571361566123582065e+02
1.562581866857132979e+02
1.570209424312671445e+02
1.563566845763847937e+02
1.567756446656867695e+02
1.567909902972398584e+02
1.567012661644158982e+02
1.562111003292539237e+02
1.562748489089642874e+02
1.565931878519415363e+02
1.561952224172843273e+02
1.565197408175875466e+02
1.570176125802823321e+02
1.565153953719325557e+02
1.570814691657941182e+02
1.570456956517297726e+02
1.569082331763607954e+02
1.564590209317074709e+02
1.571449064998680853e+02
1.568753533272560219e+02
1.566252645443574920e+02
1.562415332760587603e+02
1.571092263913742499e+02
1.570815990281715813e+02
1.567011960432361661e+02
1.564377917513473903e+02
1.563234311255232001e+02
1.565642176492610815e+02
1.563245569834948583e+02
1.568393626677917609e+02
1.565127691616301604e+02
1.564472988966587081e+02
1.571076041302752060e+02
1.565655339944004538e+02
1.568480981774401641e+02
1.564395456642170075e+02
1.572532777028285977e+02
1.564960977948060759e+02
1.563660095039327302e+02
1.567975033424267224e+02
1.571327806463524155e+02
1.569289096493398858e+02
1.563944742095393963e+02
1.563899034226622291e+02
1.572247439274085252e+02
1.569086664338830701e+02
1.569239819988695785e+02
1.572567218844610579e+02
1.564583769620481633e+02
1.564191599753671369e+02
1.564508729757444598e+02
1.566672367108077140e+02
1.569607341026251106e+02
1.564138479526469325e+02
1.568653669754760358e+02
1.566727053908835217e+02
1.569194239354096112e+02
1.564764006117972883e+02
1.569782121567602644e+02
1.567814395838912560e+02
1.571650760350403573e+02
1.569635150719635703e+02
1.572069246475463160e+02
1.563905161884172514e+02
1.572902132023771173e+02
1.569747298065175869e+02
1.567044137613228543e+02
1.573384826665271419e+02
1.566797228924209264e+02
1.572169601645486239e+02
1.569624593964233270e+02
1.566891100197849482e+02
1.571142256621229478e+02
1.566614651798859938e+02
1.569134271607002802e+02
1.565360335334926560e+02
1.566637009545864316e+02
1.564040452520844724e+02
1.565596540160255756e+02
1.568108782046057570e+02
1.566784481491519330e+02
1.568085977060823950e+02
1.573272536580700773e+02
1.570781340846222918e+02
1.572527266778703847e+02
1.570086235566186872e+02
1.571625549023922588e+02
1.564619016722007530e+02
1.569688919771556925e+02
1.571714695738780847e+02
1.567698209060826855e+02
1.568324718587385576e+02
1.565030908487337911e+02
1.570464587854217200e+02
1.569248784549693312e+02
1.568757116101310771e+02
1.571710526608461009e+02
1.567770105673987189e+02
1.567666770326881363e+02
1.566414324135239156e+02
1.569447687200489838e+02
1.574166384572132813e+02
1.564846018659178242e+02
1.565267793179979776e+02
1.571824063368982820e+02
1.567406179947821272e+02
1.566746765087719098e+02
1.570436869737049790e+02
1.565426449777879725e+02
1.569713268216847553e+02
1.571659270822389658e+02
1.567396739902252705e+02
1.568167819087544785e+02
1.567357306205571774e+02
1.569095824929563037e+02
1.565462846645212380e+02
1.570048802480109771e+02
1.572143151684103373e+02
1.571616933529193147e+02
1.565011372889497636e+02
1.569584812533019829e+02
1.569550480857249397e+02
1.574930012093132063e+02
1.566507021870547192e+02
1.566336925780354363e+02
1.569421769252541878e+02
1.575183330837477342e+02
1.572258458980590774e+02
1.574742330134977522e+02
1.569741841667717779e+02
1.574881630113200970e+02
1.574433987528181262e+02
1.569077104168414110e+02
1.573687833600137651e+02
1.567593511159328443e+02
1.570883396281804494e+02
1.574541014859808286e+02
1.566731724259655039e+02
1.568704316951198905e+02
1.567554007998663224e+02
1.572968597445659782e+02
1.567312581298190537e+02
1.566354764694853827e+02
1.575089016805343363e+02
1.571674680213464228e+02
1.575098692809611975e+02
1.570011467556953448e+02
1.572667812389391884e+02
1.568254593498791962e+02
1.566121552462260240e+02
1.571066352187227722e+02
1.567350790462775194e+02
1.568716521183133352e+02
1.570137928920867409e+02
1.567887781700425762e+02
1.569000039497217358e+02
1.567430377673440773e+02
1.576093265221683168e+02
1.568399026671817467e+02
1.573465626919402212e+02
1.568617614230587662e+02
1.573003135083234554e+02
1.568910365379830694e+02
1.571682840572621558e+02
1.569526452467979425e+02
1.568978321164621548e+02
1.570121520455062978e+02
1.575117512246509648e+02
1.568382454053507900e+02
1.574393801023710751e+02
1.568813218766290447e+02
1.573171231235249650e+02
1.576240163772958738e+02
1.574199721390887419e+02
1.570041195423956140e+02
1.575209993673267661e+02
1.570649459388966136e+02
1.568006319854299875e+02
1.575235706109988882e+02
1.574456704791150798e+02
1.574999757664676565e+02
1.573442836752260234e+02
1.575226774975962769e+02
1.575776408327434126e+02
1.571407037580151496e+02
1.575594272622531946e+02
1.568650058542837087e+02
1.574497649443135856e+02
1.569861488701829160e+02
1.576695617786863579e+02
1.573243483954572071e+02
1.571376210011155479e+02
1.574770760035613364e+02
1.576210709618735848e+02
1.572963101330354903e+02
1.573489462067268505e+02
1.575542625748765317e+02
1.575212093617106746e+02
1.576590513727887526e+02
1.570982621635676537e+02
1.569957472292677494e+02
1.576300176181449615e+02
1.571439926984541842e+02
1.569596342003536904e+02
1.572235817575957810e+02
1.568988720429397290e+02
1.573659322917743282e+02
1.574348954730750734e+02
1.569668543880329423e+02
1.575298196023329069e+02
1.568170884628300144e+02
1.568409922481263266e+02
1.574907665506753176e+02
1.572520052062400566e+02
1.576130442883527394e+02
1.570934889141841495e+02
1.569990510806221096e+02
1.574692971696172492e+02
1.570142263595264751e+02
1.573186133105635065e+02
1.575705328929794860e+02
1.575375352926746757e+02
1.570263829583079769e+02
1.576014615848336291e+02
1.574769986415972483e+02
1.569228248837300441e+02
1.570998512760499750e+02
1.569186095289791183e+02
1.571088169529689935e+02
1.577636051431579745e+02
1.577451247268471093e+02
1.569057142986612519e+02
1.574944495204061354e+02
1.572210376998630466e+02
1.576695198388546544e+02
1.578306559738913109e+02
1.578333544330132838e+02
1.572750180299910312e+02
1.571205678688214959e+02
1.575944455370363926e+02
1.571861687799413119e+02
1.574837717824933634e+02
1.577786656593152088e+02
1.573229693215779434e+02
1.576104652175201295e+02
1.572845250584012149e+02
1.572915530406461073e+02
1.576225588498105310e+02
1.575585276269293615e+02
1.569859514436914196e+02
1.568929537832618735e+02
1.576660401772560647e+02
1.571641975671202260e+02
1.574746933234824837e+02
1.577662066467813986e+02
1.578590579813086379e+02
1.572596324651690622e+02
1.578080357673514413e+02
1.576690769595282120e+02
1.576548785721849981e+02
1.577443661502454688e+02
1.571851668713336210e+02
1.578887264870531055e+02
1.578722621268917408e+02
1.576564969133404190e+02
1.571845072508051828e+02
1.576186927530903858e+02
1.574027278167910140e+02
1.573120352337553243e+02
1.572284240516139562e+02
1.574846378385957451e+02
1.573901045505196521e+02
1.579338719478042208e+02
1.578435922003210692e+02
1.570442393030132564e+02
1.571618128872699742e+02
1.570497320976348590e+02
1.571544761403668247e+02
1.576544728884711049e+02
1.574518249092748761e+02
1.571681119131410185e+02
1.573453195802150901e+02
1.575779238870012477e+02
1.575837808033498106e+02
1.579529672738476620e+02
1.576167164585723697e+02
1.578356601129175374e+02
1.570456036976575263e+02
1.575709972864896429e+02
1.572116025671427906e+02
1.575829377186196325e+02
1.577762908313183914e+02
1.575496930744919837e+02
1.577235252009279520e+02
1.578153445154033534e+02
1.571980710749110415e+02
1.572023965834054025e+02
1.570150977468191513e+02
1.578680982692322345e+02
1.580132740902885473e+02
1.578171239192189717e+02
1.570308850076910687e+02
1.576514789043182247e+02
1.576592379371484469e+02
1.573583880230561931e+02
1.579127824436199603e+02
1.575283973732371692e+02
1.578891757169929804e+02
1.573414345248580162e+02
1.573319697253619438e+02
1.575078696302830679e+02
1.570583615542406051e+02
1.576219506857516990e+02
1.578288336204341249e+02
1.579449246320794487e+02
1.570731815175638246e+02
1.579681805124986340e+02
1.579796452359758518e+02
1.572234609897862754e+02
1.579734400390740632e+02
1.574924142679141994e+02
1.572873343084718556e+02
1.580504076346358886e+02
1.578113241442710262e+02
1.578294317596430858e+02
1.572598696380254069e+02
1.578283682339112488e+02
1.574763218175150143e+02
1.577272053419752638e+02
1.578994625991446981e+02
1.577539742936172900e+02
1.572433109830514866e+02
1.574915167383061601e+02
1.577898112394929626e+02
1.573846565156531199e+02
1.581056155383813291e+02
1.580520997551965365e+02
1.577248002346027818e+02
1.572172977976804304e+02
1.578513658603818612e+02
1.577085264717358086e+02
1.573888780606961291e+02
1.571508114079650795e+02
1.573619159680236805e+02
1.574721805696434558e+02
1.574422963312916863e+02
1.577588781172761401e+02
1.577013395666583051e+02
1.580221719426514255e+02
1.572668911417478625e+02
1.578465530295910639e+02
1.580350594911442670e+02
1.572033751950414455e+02
1.579668906295520117e+02
1.580159686379032280e+02
1.578019331876116098e+02
1.578388743986003249e+02
1.578441386633141121e+02
1.575422335978042270e+02
1.577659108545629181e+02
1.578625214779350756e+02
1.576481010606817961e+02
1.575074701494664566e+02
1.577672976203101882e+02
1.577945714803072690e+02
1.579596910566600059e+02
1.580114381823623262e+02
1.578035244400807926e+02
1.579480802121468628e+02
1.580152018853796960e+02
1.581551859307838583e+02
1.575737203535735773e+02
1.572789728225729675e+02
1.573808432249276734e+02
1.578748230405531672e+02
1.574880932412516472e+02
1.579751989721361269e+02
1.578326506535815383e+02
1.578778264308592156e+02
1.575091775997599939e+02
1.578502007481476141e+02
1.578740546537549392e+02
1.573882489733094303e+02
1.581105346546160888e+02
1.572714290796880618e+02
1.581322853915620215e+02
1.575863686344580969e+02
1.576234008973391951e+02
1.582283830279653785e+02
1.575840363654637315e+02
1.579134938387928457e+02
1.576379388552072953e+02
1.578746674954904279e+02
1.574467732345931097e+02
1.578701772184479069e+02
1.579654638083645750e+02
1.581387769905833522e+02
1.574374240272043153e+02
1.576940357770498622e+02
1.579892051695935322e+02
1.577947392455525346e+02
1.573381580894410945e+02
1.577382967549227146e+02
1.575606141726911176e+02
1.573509201153435697e+02
1.579251072419909292e+02
1.581618381736217884e+02
1.578898943784585640e+02
1.581611679968254691e+02
1.575416596718689561e+02
1.578484914466719431e+02
1.580907414645432425e+02
1.578470400890941505e+02
1.580500833994195204e+02
1.581245613318976666e+02
1.573697984270125971e+02
1.577842894217793344e+02
1.579528792096423331e+02
1.582387758280783601e+02
1.582090823908687298e+02
1.581961939815141420e+02
1.580657358203890794e+02
1.582086522679036023e+02
1.574330052163655580e+02
1.575324936696845270e+02
1.575642966919480159e+02
1.579116095528249843e+02
1.580891661744179544e+02
1.577738878371230271e+02
1.582438302477472121e+02
1.575059969968150995e+02
1.583810496451620224e+02
1.581901460946669147e+02
1.574135161795166198e+02
1.574250039294450119e+02
1.583174459172453226e+02
1.574305910298645585e+02
1.575625921421283238e+02
1.576959670244121128e+02
1.577056746104857154e+02
1.582298814411387298e+02
1.577524044502589504e+02
1.583345242977726457e+02
1.578859810577246492e+02
1.583027233266293763e+02
1.576576032246847205e+02
1.577575773383405533e+02
1.581568600276823702e+02
1.579237472414086767e+02
1.583226703764057959e+02
1.575536491739066776e+02
1.578033027739939484e+02
1.583980397527453476e+02
1.584200843150734102e+02
1.583453967109614950e+02
1.580739651781977102e+02
1.576528935754255656e+02
1.576114624766061070e+02
1.580280409458355564e+02
1.575461250036951810e+02
1.579543632795860617e+02
1.578284374423895144e+02
1.579416104989498422e+02
1.582181749602662535e+02
1.580294588180765061e+02
1.581444799697466692e+02
1.581280655528019565e+02
1.580920177006279914e+02
1.584447552987234076e+02
1.577616714764303651e+02
1.584630429593925669e+02
1.582643128700146633e+02
1.579980753297968477e+02
1.581737942574994804e+02
1.579162382282014789e+02
1.577791529709356553e+02
1.583650303288845578e+02
1.576952334872013353e+02
1.583200034717903577e+02
1.583468849110799397e+02
1.577716194911053549e+02
1.583491171052931179e+02
1.581359405378513259e+02
1.579233717624237556e+02
1.578334369243253548e+02
1.577855438072737968e+02
1.577144075824147933e+02
1.578924123532477495e+02
1.584183366940627593e+02
1.584664547652069189e+02
1.582086433394061942e+02
1.581309545043689013e+02
1.578661970573627400e+02
1.580681964416100413e+02
1.584539749795492867e+02
1.581703210098727652e+02
1.583989740665527961e+02
1.580676648384178122e+02
1.578866703566111198e+02
1.581965304741989939e+02
1.582443611592649688e+02
1.578096753367650535e+02
1.576314157618241723e+02
1.581023706454174658e+02
1.581147303545928366e+02
1.577649160001273856e+02
1.581196018492481983e+02
1.585630507149821824e+02
1.581869995472053461e+02
1.576856756180633852e+02
1.580224221628416217e+02
1.580057363733905049e+02
1.581825043759982350e+02
1.578624193071286186e+02
1.582931052033464994e+02
1.581821818944047777e+02
1.584568067748837734e+02
1.585628503736492974e+02
1.579924577231079752e+02
1.583309545256779529e+02
1.581424556850593035e+02
1.578630320819264057e+02
1.577712435334377972e+02
1.584739491855006293e+02
1.585669944221833134e+02
1.584580775408133206e+02
1.584957812072420040e+02
1.579621939291888282e+02
1.577255258910975613e+02
1.580736894339926835e+02
1.585757375558445403e+02
1.582526197585090983e+02
1.579918117687438439e+02
1.581755232578145751e+02
1.580306726433407789e+02
1.579895361184366038e+02
1.581387081619261608e+02
1.581657588511423853e+02
1.586325997411521769e+02
1.580297696661336317e+02
1.585342250072210106e+02
1.583330577786265110e+02
1.581575229639073825e+02
1.580211931263887948e+02
1.585151295285170931e+02
1.579996926061515694e+02
1.579001854316223898e+02
1.586021643093307318e+02
1.581811463137543683e+02
1.580342263143315904e+02
1.580657731648591664e+02
1.584618894633987338e+02
1.580800890882133558e+02
1.577813771778957062e+02
1.583985863240665424e+02
1.580938905310478333e+02
1.583026314057007653e+02
1.578241770515646465e+02
1.578648457516496251e+02
1.585878989216598143e+02
1.583860755091251349e+02
1.584885989563364319e+02
1.581522353096954419e+02
1.579777940158562046e+02
1.582958932698908541e+02
1.583452554627966435e+02
1.587464948689291759e+02
1.585257292153728770e+02
1.578789211771955650e+02
1.582758914136156818e+02
1.587000877939426857e+02
1.587570659690138939e+02
1.584173254379979312e+02
1.586504156755960366e+02
1.578773638597514264e+02
1.578254211963902947e+02
1.585406043092622212e+02
1.584521766287573996e+02
1.585812097769781701e+02
1.581270166794726322e+02
1.578656553712384607e+02
1.588128376800784451e+02
1.582715154981317198e+02
1.587277142521101325e+02
1.578976903636382474e+02
1.582879642014048329e+02
1.578545010956449062e+02
1.584400840366204193e+02
1.586939478483830896e+02
1.578860713606429726e+02
1.582589344279502654e+02
1.583832228226599170e+02
1.579926229823331028e+02
1.580313018807923413e+02
1.586065926465102223e+02
1.581116498258694776e+02
1.583226957672911226e+02
1.583974312391220565e+02
1.585796815817829781e+02
1.585011427943955766e+02
1.582554591708251905e+02
1.582255381819311708e+02
1.583393202219038187e+02
1.587833453312309189e+02
1.579710696918973554e+02
1.583866103478181060e+02
1.588578686145586119e+02
1.582326236780284603e+02
1.579945361586012211e+02
1.580437521859045376e+02
1.580421283821276290e+02
1.583363289597685366e+02
1.584891798554612592e+02
1.582759929613688712e+02
1.587284177093712287e+02
1.581985616790933307e+02
1.585261577055248381e+02
1.579905079829109695e+02
1.583443523544036111e+02
1.587423947155610051e+02
1.584991543745196338e+02
1.585461146852739205e+02
1.580439491537003960e+02
1.580425780681558479e+02
1.583934735851784978e+02
1.588976231940313255e+02
1.582873958438589739e+02
1.585231548454142114e+02
1.589244269512179812e+02
1.589408096557085912e+02
1.583689179125011606e+02
1.589217261253498066e+02
1.582606748000444838e+02
1.582297543769340393e+02
1.585530949697452741e+02
1.586539213688984660e+02
1.584984217515227556e+02
1.580265248949305317e+02
1.587331968050112891e+02
1.588217336724961797e+02
1.582852815048950958e+02
1.581171865615569345e+02
1.582034560733522994e+02
1.583598156193262128e+02
1.587989843882159846e+02
1.587703094430686690e+02
1.589350285686965663e+02
1.584072546370048826e+02
1.588325353368913966e+02
1.589799935012841274e+02
1.584046571994405213e+02
1.582867876028718968e+02
1.588394803642154898e+02
1.583390400848617787e+02
1.586295129798341179e+02
1.582434536819521327e+02
1.588836247843639455e+02
1.589654882652341996e+02
1.583163925554433433e+02
1.581435224839162004e+02
1.584564899300175966e+02
1.586751059752417916e+02
1.587158964076268148e+02
1.587135644160485128e+02
1.581816062951313313e+02
1.589327069322945079e+02
1.589630879861034600e+02
1.587780753669415503e+02
1.586219681487502555e+02
1.589139048877684104e+02
1.587938687641631361e+02
1.584424005163861011e+02
1.587326554478531477e+02
1.586555159652208715e+02
1.589425618191707485e+02
1.581185979691534271e+02
1.588514994919125058e+02
1.582023283633413371e+02
1.581936285834984801e+02
1.587130026288469651e+02
1.581764967480579003e+02
1.588487500710203335e+02
1.585625400816121271e+02
1.589686663916718601e+02
1.585036478260735748e+02
1.586098973974208661e+02
1.582633502163535013e+02
1.582657701584823542e+02
1.587172425277116758e+02
1.585698412706361466e+02
1.591197151124951574e+02
1.583070884276155255e+02
1.584822627666270591e+02
1.581680172004930682e+02
1.582379382916217878e+02
1.588166433976847429e+02
1.583847408290169199e+02
1.588822666742424019e+02
1.586823560857366431e+02
1.583874212885299073e+02
1.586064431111767306e+02
1.585942944057422039e+02
1.583222315947957668e+02
1.586112632043076758e+02
1.586893347295830949e+02
1.584987303491892874e+02
1.583159220347318694e+02
1.586733067497647767e+02
1.586964430728706645e+02
1.582291537088559608e+02
1.585162526750383734e+02
1.589716498773631486e+02
1.588437394808696865e+02
1.585498756856902673e+02
1.589306907630197827e+02
1.584731894581067024e+02
1.590792940843499252e+02
1.582693363523951291e+02
1.590816889862097696e+02
1.583028999147463480e+02
1.584104530101673731e+02
1.586196562321603380e+02
1.590022014067729401e+02
1.586206740944415117e+02
1.583738923815852786e+02
1.582994895988003066e+02
1.582907805256198515e+02
1.583081513548376051e+02
1.590943325552811984e+02
1.587270879710139297e+02
1.583867546678471570e+02
1.585030120719883371e+02
1.583140375683625223e+02
1.585086294434950389e+02
1.586799472715208026e+02
1.589533886851589841e+02
1.592178295113921251e+02
1.585380559421987243e+02
1.584462768182007437e+02
1.588584559187979437e+02
1.592223922911595082e+02
1.590546579708449997e+02
1.589365415186472603e+02
1.585487275307443724e+02
1.590941031363405216e+02
1.589748704358874534e+02
1.584989342080629626e+02
1.591121119113670659e+02
1.583191573664297493e+02
1.583583708426194221e+02
1.591442411096021772e+02
1.584987344349217722e+02
1.591376485516165076e+02
1.587095916128069462e+02
1.592021798456855208e+02
1.587483295878724618e+02
1.589163232869131832e+02
1.585916677996431190e+02
1.587590713620520546e+02
1.589247110976990314e+02
1.586039105024129867e+02
1.585825764821113069e+02
1.593005527419727514e+02
1.588875843439712980e+02
1.583990521324910503e+02
1.592886984351569026e+02
1.586658476147217129e+02
1.591210168270632721e+02
1.592571880528965664e+02
1.585146362344422357e+02
1.584968586217854636e+02
1.584848272642651352e+02
1.589156564380856196e+02
1.593181019303069093e+02
1.592125592132513248e+02
1.589493210247269417e+02
1.586892924323634020e+02
1.591653898875494235e+02
1.593588560875875260e+02
1.584312615000295352e+02
1.584176197016928711e+02
1.587114123108071908e+02
1.585631584443980273e+02
1.590134048663926762e+02
1.591832353707709160e+02
1.592374656721411554e+02
1.593794616216403881e+02
1.589587276458061353e+02
1.588764534984357795e+02
1.590728330188771054e+02
1.590588188474736739e+02
1.588652279810753498e+02
1.588432879473262460e+02
1.590722880174377565e+02
1.589170767312293719e+02
1.590057719459375107e+02
1.594287060142117696e+02
1.585843767296373699e+02
1.592211423629495926e+02
1.587489989623049382e+02
1.592036269764756469e+02
1.589892765151308538e+02
1.591540288516717681e+02
1.585811317542836605e+02
1.589890794299080881e+02
1.588816114628479852e+02
1.585405091227650871e+02
1.594470867322376364e+02
1.585010206535357895e+02
1.589255058695794673e+02
1.586711263304055706e+02
1.585144828456458299e+02
1.587755101284116961e+02
1.587450903398598712e+02
1.590036020823405067e+02
1.593135330419049467e+02
1.590117257584868753e+02
1.590395620203686065e+02
1.589746552174631233e+02
1.588187313220601027e+02
1.587478672061658358e+02
1.590987370361914373e+02
1.594452103788323996e+02
1.589331435923299978e+02
1.590912404730009939e+02
1.591332566764826026e+02
1.590340830110785362e+02
1.592760833628891532e+02
1.592902306838082040e+02
1.592606025817221393e+02
1.593685380715975271e+02
1.586095876972908059e+02
1.587602040312227984e+02
1.592838319389800006e+02
1.594465528459558357e+02
1.594364945688031128e+02
1.591701782838461270e+02
1.589417474826991565e+02
1.590916348397468880e+02
1.595367799527763282e+02
1.587990436229408147e+02
1.593386067117373841e+02
1.588000623424873652e+02
1.588126635752599327e+02
1.592450544635775884e+02
1.588357222996729092e+02
1.586785108387379353e+02
1.595619895149498291e+02
1.594606840003270349e+02
1.593648276959629300e+02
1.592479991246980831e+02
1.587540486569241693e+02
1.595908177965891355e+02
1.595300230408057587e+02
1.594835300496164052e+02
1.595621951393991367e+02
1.592136412950083582e+02
1.594556524065573342e+02
1.588765462420095957e+02
1.590988712307070614e+02
1.596040568553093806e+02
1.588587883198965471e+02
1.595213291369310866e+02
1.595423438234261653e+02
1.590826042865551244e+02
1.586624041678217623e+02
1.588535784852417407e+02
1.589208004438700073e+02
1.588139764568381622e+02
1.590134798432435446e+02
1.589412667982228982e+02
1.590714569921955786e+02
1.593223765614212937e+02
1.594286893559593068e+02
1.593819373356591313e+02
1.595912225965650748e+02
1.589829676365384898e+02
1.588791171695255287e+02
1.592762480001514120e+02
1.596084735090696824e+02
1.591784149309576435e+02
1.594206523600223306e+02
1.596552649524616356e+02
1.593867961017253378e+02
1.588410326418043610e+02
1.590303964956503080e+02
1.591505298835448627e+02
1.591332343662602113e+02
1.596738026574250000e+02
1.589929161012985048e+02
1.591480421953104383e+02
1.592996864305951590e+02
1.591897608239712270e+02
1.590614954293092751e+02
1.587352112917996578e+02
1.593606151745691761e+02
1.588094615722235403e+02
1.592440108401466432e+02
1.593334943020454091e+02
1.591809929414938267e+02
1.595855651935641504e+02
1.595894031631596590e+02
1.596587949335590793e+02
1.596766098534291700e+02
1.589019025088145725e+02
1.592003383909890886e+02
1.591348790214328517e+02
1.593549822875088751e+02
1.588401751309183965e+02
1.593608428439258091e+02
1.592856772025113514e+02
1.592314413288398214e+02
1.588165111856430087e+02
1.595989795470185584e+02
1.596419676861030439e+02
1.592789318862373023e+02
1.588019519511713042e+02
1.596780522180574451e+02
1.597600479508153057e+02
1.594201081485981035e+02
1.592438368630088803e+02
1.594393618496815463e+02
1.592097502097898030e+02
1.594134321567250083e+02
1.589012997538545449e+02
1.597342461156795537e+02
1.595722471261077828e+02
1.594016433499629670e+02
1.597033064966117877e+02
1.597434110361887463e+02
1.591060306831612081e+02
1.591021798110137127e+02
1.589199140075668879e+02
1.595295845658131952e+02
1.594722013755821308e+02
1.590973369663302890e+02
1.595295033402242098e+02
1.588785617146839684e+02
1.597242597264776691e+02
1.593014210933482673e+02
1.594678778510108828e+02
1.595056550411719627e+02
1.598017275417326744e+02
1.597976488144651910e+02
1.598641713672276410e+02
1.595530060214472883e+02
1.596797909265775957e+02
1.598496751484017580e+02
1.598664353425889715e+02
1.592544509403241761e+02
1.598671224754639866e+02
1.594496550042204888e+02
1.590698722767248512e+02
1.592855902112881381e+02
1.590192115231812693e+02
1.598364782765651739e+02
1.591645207241301421e+02
1.591530001504432335e+02
1.597955139284904647e+02
1.597668027531350106e+02
1.598789114840741092e+02
1.594926019236818036e+02
1.595625306800283170e+02
1.590379574116491881e+02
1.593559114452541792e+02
1.598587834749613705e+02
1.593583141684605096e+02
1.593672474781575943e+02
1.591816342634454600e+02
1.595312702211332976e+02
1.596729558086099132e+02
1.590760368825878288e+02
1.596395498523871765e+02
1.596742182566937345e+02
1.589952108980436947e+02
1.592164454662252808e+02
1.590173228099376388e+02
1.599552431327815611e+02
1.598560546033810681e+02
1.595046092290334343e+02
1.590042508012895439e+02
1.599214737441351986e+02
1.590679624671199122e+02
1.590126358602789480e+02
1.594024739555139547e+02
1.596947226811262794e+02
1.595232788893964653e+02
1.599945732236878939e+02
1.590719220649119166e+02
1.593499547736290936e+02
1.597321678267739742e+02
1.597128264839228962e+02
1.599703838713293749e+02
1.600155696891359582e+02
1.598958406467577902e+02
1.597597839306953631e+02
1.592769534507332594e+02
1.597330099848358316e+02
1.599747067001854361e+02
1.596837037018257774e+02
1.594197369696773308e+02
1.596615080934797959e+02
1.600413388113600206e+02
1.596396913707099259e+02
1.593884242453052593e+02
1.593267524191955147e+02
1.596176745785199103e+02
1.597704006309672877e+02
1.598940407639495334e+02
1.599808361583891099e+02
1.597615610420443204e+02
1.595123302656706414e+02
1.598418572085481344e+02
1.593360648696223336e+02
1.597422004741367800e+02
1.591956128731918056e+02
1.599820250052237043e+02
1.592488046613718780e+02
1.598956495137448144e+02
1.600847740115054876e+02
1.597684707112581748e+02
1.599895361458328580e+02
1.592813305078417727e+02
1.599473570444052086e+02
1.594018192294258256e+02
1.593728031267099254e+02
1.592503839765261091e+02
1.591242073249790963e+02
1.597078457271726393e+02
1.600643392085428047e+02
1.594326016933999597e+02
1.595850696579647945e+02
1.593724021297293518e+02
1.596298280357304407e+02
1.600336568000464581e+02
1.593149850294367980e+02
1.598573958397088859e+02
1.597815109707073020e+02
1.595226176125770507e+02
1.593939734271107795e+02
1.591709451367179042e+02
1.595485661566227407e+02
1.601009765496077932e+02
1.598003637625467661e+02
1.599396904519691134e+02
1.592832346833060058e+02
1.594735296530732001e+02
1.598783088469062363e+02
1.597098970832989551e+02
1.592595721570059766e+02
1.599982734103560631e+02
1.597107871341850398e+02
1.597965728286448268e+02
1.601139420852714750e+02
1.601898368785948321e+02
1.595492823184470126e+02
1.598158604917859122e+02
1.598662533487625410e+02
1.594847526821396855e+02
1.598159624411515551e+02
1.594849820298942120e+02
1.599363539928550892e+02
1.601024523544730584e+02
1.595798370542358668e+02
1.599469794320272342e+02
1.592476561245634343e+02
1.595806409504976671e+02
1.598936888618906949e+02
1.601171912632181602e+02
1.601619329974608945e+02
1.596289026455238798e+02
1.602094294034139068e+02
1.595126194217616842e+02
1.595645252255874880e+02
1.595541977438250854e+02
1.599692567124435243e+02
1.598370316936968436e+02
1.595254781305212930e+02
1.594906855734404019e+02
1.599913645951367016e+02
1.595764378435412425e+02
1.600747227458093960e+02
1.596475928698501150e+02
1.600675759485200160e+02
1.594116078139730348e+02
1.600202359813173416e+02
1.593380997361616949e+02
1.595527819093323103e+02
1.601888297013819624e+02
1.600945212230093659e+02
1.599943261919947588e+02
1.596615982198151471e+02
1.600478101556425088e+02
1.596443566885068321e+02
1.594233509069852914e+02
1.600737608333446644e+02
1.597569426176429204e+02
1.598544135332651024e+02
1.599060622278745427e+02
1.598441824229079202e+02
1.594011652388074651e+02
1.594459311867175018e+02
1.597953832790045681e+02
1.599135577220510527e+02
1.595918329845867447e+02
1.602349773236917088e+02
1.593508818200191115e+02
1.599285079194531249e+02
1.603066491573557641e+02
1.597861464361232606e+02
1.596513659311283106e+02
1.593979189851374088e+02
1.599935172904509955e+02
1.600711553115437766e+02
1.595958656285353356e+02
1.593696212548973392e+02
1.594020123386781052e+02
1.602673357897035089e+02
1.602071594543710660e+02
1.598415744050322758e+02
1.601583508229767574e+02
1.596414059107848971e+02
1.596890937111495532e+02
1.602031936383788775e+02
1.600345447824876430e+02
1.595649276100377847e+02
1.603755540897965943e+02
1.601038746208377859e+02
1.595407112127728908e+02
1.595060865501501439e+02
1.594905483790825542e+02
1.594479690262913891e+02
1.597277629468821090e+02
1.597794068770885190e+02
1.598863643616161880e+02
1.595105593683413758e+02
1.596285047395646757e+02
1.601930417757728549e+02
1.600464370032796353e+02
1.601960323050209070e+02
1.603104452732547145e+02
1.604062873531458138e+02
1.604143526385328471e+02
1.601433346315803590e+02
1.596063865415018199e+02
1.598090849305137056e+02
1.600379013636442096e+02
1.594857228679911145e+02
1.594695975020302114e+02
1.594711916005445573e+02
1.595870741109520452e+02
1.602219989010480106e+02
1.597630261757268215e+02
1.603557302617611811e+02
1.597287747794658515e+02
1.604269998175893761e+02
1.597390010544162919e+02
1.596461568615262081e+02
1.595475930737402166e+02
1.598355826274331832e+02
1.600665293063825345e+02
1.599111728661447671e+02
1.600499148299184924e+02
1.598735467297788091e+02
1.595431389777833715e+02
1.599264316684869129e+02
1.600912238831651280e+02
1.601037215357648620e+02
1.601656284700279116e+02
1.595644378664786416e+02
1.600917116889077363e+02
1.604488922970544706e+02
1.595385354923521106e+02
1.604227094282675239e+02
1.596256452322043913e+02
1.597318428225941034e+02
1.598264799842925470e+02
1.603674768828271056e+02
1.599961674329436221e+02
1.602279813176431276e+02
1.600053498500855085e+02
1.597054922611805523e+02
1.603888310097603949e+02
1.596239608748302885e+02
1.596017951507493819e+02
1.597022494694159320e+02
1.603571586310791020e+02
1.605024135597026032e+02
1.604214264583868612e+02
1.597312197256868558e+02
1.601598690044888258e+02
1.596098763975021768e+02
1.602948022923332019e+02
1.597596275823044039e+02
1.601043774553494643e+02
1.599923701364992610e+02
1.599088505825109507e+02
1.597414555722265277e+02
1.598268267921383199e+02
1.602346674971479104e+02
1.605619943913102929e+02
1.600813938997233663e+02
1.599393726890743892e+02
1.604801487971637641e+02
1.605390319183339045e+02
1.605972896931704099e+02
1.598958254768615461e+02
1.602857586569438411e+02
1.601957681859449281e+02
1.597011406778229912e+02
1.603175552100975381e+02
1.596707051703271816e+02
1.603222081448081724e+02
1.605660605918463091e+02
1.603492360873381983e+02
1.602730903344320268e+02
1.603246286173612987e+02
1.600344987997441422e+02
1.605916890828484895e+02
1.601183613749741710e+02
1.606603696577850258e+02
1.605609196760878490e+02
1.604933387768396074e+02
1.603806515554079795e+02
1.606211857648791295e+02
1.605823316964655874e+02
1.600754150369219531e+02
1.602376673914613434e+02
1.599572818729973847e+02
1.598715060944325330e+02
1.606864621648540776e+02
1.600967848942312344e+02
1.602448975170979963e+02
1.604584882689506458e+02
1.605144718016371428e+02
1.601417138963144851e+02
1.597667052231287528e+02
1.603948894463400450e+02
1.603392763299652302e+02
1.598219494174111901e+02
1.600458637920702643e+02
1.599305621925498713e+02
1.598015811771089716e+02
1.600871877390876818e+02
1.602825336033226051e+02
1.598072105834666843e+02
1.603279207779338265e+02
1.598343081238695618e+02
1.600074694658713668e+02
1.605041449432878267e+02
1.599009817100378825e+02
1.605379270695506762e+02
1.604385801994026792e+02
1.606091831832569312e+02
1.603591891036147672e+02
1.599704113488377857e+02
1.599515885163298208e+02
1.601128324648230148e+02
1.606274404757670595e+02
1.603321977672781884e+02
1.598788225280797519e+02
1.603879703567943977e+02
1.598708583917068609e+02
1.605051649174119461e+02
1.605499188542790421e+02
1.605910547912873199e+02
1.602117133421829749e+02
1.600514198005120079e+02
1.601310764557298683e+02
1.606567903720632842e+02
1.601402131057882343e+02
1.604551872047783547e+02
1.601643105017666642e+02
1.605429826233614108e+02
1.602017241708443009e+02
1.607411255982261196e+02
1.599263127756920539e+02
1.604791425496108843e+02
1.600201671399438226e+02
1.601741464152908350e+02
1.601142700296395276e+02
1.599129869905421799e+02
1.602059604666843313e+02
1.598868538854287351e+02
1.603624752361448884e+02
1.604605313205136099e+02
1.604366174286712692e+02
1.601224371495086700e+02
1.599014116058708339e+02
1.606383467985955349e+02
1.606401897839555772e+02
1.606078243680941000e+02
1.602290598681258018e+02
1.607770944454929065e+02
1.601433152312163770e+02
1.598999112311362012e+02
1.598988194864000150e+02
1.601566986880038712e+02
1.604697733040971173e+02
1.602974534953740715e+02
1.599499763281241087e+02
1.602457041532420874e+02
1.603450172327623307e+02
1.605513918813248040e+02
1.605776457818862752e+02
1.599692452130385050e+02
1.601483335952222262e+02
1.602106969813910098e+02
1.606185865450485437e+02
1.606747308702139208e+02
1.605566915000665915e+02
1.604767393115095331e+02
1.606871381134621686e+02
1.603458924365772589e+02
1.606259317275378180e+02
1.604243137529713579e+02
1.600980046914414459e+02
1.603739306511909319e+02
1.600861305558359788e+02
1.604380356802446386e+02
1.606102999603606634e+02
1.604069114722750271e+02
1.599888064417077089e+02
1.605998615336274327e+02
1.608792406850684813e+02
1.601954863282726365e+02
1.607058099091894405e+02
1.607403885313814840e+02
1.603624902904837768e+02
1.608383319975510233e+02
1.602903829990029578e+02
1.607968871716387582e+02
1.609866700568595093e+02
1.601542377699665565e+02
1.606310759010044080e+02
1.607411091746739658e+02
